0.1
0.1
0.1
0.1
0.1
0.1
0.1
0.1
0.1
0.10016
0.10016
0.10016
0.10016
0.10016
0.10016
0.10016
0.10016
0.10016
0.10016
0.10016
0.10031
0.10031
0.10031
0.10031
0.10031
0.10031
0.10031
0.10031
0.10031
0.10031
0.10031
0.10031
0.10031
0.10031
0.10031
0.10031
0.10031
0.10031
0.10031
0.10031
0.10031
0.10031
0.10031
0.1005
0.1005
0.1005
0.1005
0.1005
0.1005
0.1005
0.10063
0.10063
0.10063
0.10063
0.10063
0.10063
0.10063
0.10063
0.10063
0.10063
0.10063
0.10063
0.10063
0.10063
0.10063
0.10063
0.10063
0.10063
0.10063
0.10063
0.10063
0.10063
0.10063
0.10063
0.10101
0.10101
0.10101
0.10101
0.10101
0.10101
0.10101
0.10101
0.10125
0.10125
0.10125
0.10125
0.10125
0.10125
0.10125
0.10125
0.10125
0.10125
0.10125
0.10125
0.10125
0.10125
0.10125
0.10125
0.10125
0.10125
0.10125
0.10125
0.10201
0.10201
0.10201
0.10201
0.10201
0.10201
0.10201
0.10201
0.10201
0.10219
0.10219
0.10219
0.10219
0.10219
0.10219
0.10219
0.10219
0.10219
0.10219
0.10219
0.1025
0.1025
0.1025
0.1025
0.1025
0.1025
0.1025
0.1025
0.1025
0.1025
0.1025
0.10258
0.10258
0.10258
0.10258
0.10258
0.10258
0.10258
0.10258
0.10258
0.10258
0.10258
0.10305
0.10305
0.10305
0.10305
0.10305
0.10305
0.10305
0.10305
0.10305
0.10305
0.10305
0.10402
0.10402
0.10402
0.10402
0.10402
0.10402
0.10402
0.10402
0.10402
0.10402
0.10402
0.10402
0.10402
0.10402
0.10402
0.10402
0.10402
0.10402
0.10402
0.10409
0.10409
0.10409
0.10409
0.10409
0.10409
0.10409
0.10409
0.10409
0.10409
0.10438
0.10438
0.10438
0.10438
0.10438
0.10438
0.10438
0.10438
0.10438
0.10438
0.10438
0.10438
0.105
0.105
0.10516
0.10516
0.10516
0.10516
0.10516
0.10516
0.10516
0.10516
0.10516
0.10516
0.10516
0.10609
0.10609
0.10609
0.10609
0.10609
0.10609
0.10609
0.10609
0.10609
0.10609
0.10609
0.10819
0.10819
0.10819
0.10819
0.10819
0.10819
0.10819
0.10819
0.10819
0.10819
0.10819
0.10844
0.10844
0.10844
0.10844
0.10844
0.10844
0.10844
0.10844
0.10844
0.10844
0.10844
0.10875
0.10875
0.10875
0.10875
0.10875
0.10875
0.10875
0.10875
0.11031
0.11031
0.11031
0.11031
0.11031
0.11031
0.11031
0.11031
0.11031
0.11031
0.11031
0.11031
0.11031
0.11031
0.11031
0.11031
0.11031
0.11031
0.11031
0.11031
0.11031
0.11031
0.11031
0.11031
0.11031
0.11031
0.11125
0.11125
0.11125
0.11125
0.11125
0.11125
0.11125
0.11125
0.11125
0.11125
0.11125
0.11125
0.11129
0.11129
0.11129
0.11129
0.11129
0.11129
0.11129
0.11129
0.11129
0.11129
0.11129
0.11129
0.11129
0.11129
0.11129
0.11129
0.11129
0.11129
0.11129
0.11129
0.11129
0.11129
0.11129
0.11138
0.11138
0.11138
0.11138
0.11138
0.11138
0.11138
0.11138
0.11138
0.11211
0.11211
0.11211
0.11211
0.11211
0.11211
0.11211
0.11211
0.11211
0.11211
0.11211
0.1125
0.1125
0.1125
0.1125
0.1125
0.11305
0.11305
0.11305
0.11305
0.11305
0.11305
0.11305
0.11305
0.11305
0.11305
0.11375
0.11375
0.11375
0.11375
0.11375
0.11375
0.11375
0.11375
0.11375
0.11375
0.11375
0.11375
0.115
0.115
0.11516
0.11516
0.11516
0.11516
0.11516
0.11516
0.11516
0.11516
0.11516
0.11516
0.11516
0.11516
0.11516
0.11516
0.1155
0.1155
0.1155
0.1155
0.1155
0.11601
0.11601
0.11601
0.11601
0.11601
0.11601
0.11601
0.11601
0.11601
0.11601
0.11601
0.11601
0.11601
0.11601
0.11601
0.11601
0.11601
0.11601
0.11601
0.11601
0.11601
0.11601
0.11688
0.11688
0.11688
0.11688
0.11688
0.11688
0.11688
0.11688
0.11688
0.11688
0.11688
0.1175
0.1175
0.1175
0.1175
0.1175
0.1175
0.1175
0.1175
0.1175
0.1175
0.1175
0.1175
0.12
0.12
0.12031
0.12031
0.12031
0.12031
0.12031
0.12031
0.12031
0.12031
0.12031
0.12031
0.12031
0.12031
0.12031
0.1205
0.1205
0.1205
0.1205
0.1205
0.12201
0.12201
0.12201
0.12201
0.12201
0.12211
0.12211
0.12211
0.12211
0.12211
0.12211
0.12211
0.12211
0.12211
0.12211
0.12211
0.12211
0.12211
0.12211
0.12211
0.12211
0.12211
0.12211
0.12211
0.12211
0.12211
0.1225
0.1225
0.1225
0.1225
0.1225
0.1225
0.1225
0.1225
0.1225
0.1225
0.1225
0.1225
0.1225
0.1225
0.1225
0.1225
0.1225
0.12258
0.12258
0.12258
0.12258
0.12258
0.12258
0.12258
0.12258
0.12258
0.12258
0.12258
0.12258
0.12275
0.12275
0.12275
0.12275
0.12275
0.12275
0.12275
0.12275
0.12275
0.12275
0.12275
0.12409
0.12409
0.12409
0.12409
0.12409
0.12409
0.12409
0.12409
0.12422
0.12422
0.12422
0.12422
0.12422
0.12422
0.12422
0.12422
0.12422
0.12422
0.12422
0.125
0.125
0.125
0.125
0.125
0.125
0.125
0.125
0.125
0.12516
0.12516
0.12516
0.12516
0.12516
0.12516
0.12516
0.12516
0.12516
0.12516
0.12516
0.12531
0.12531
0.12531
0.12531
0.12531
0.12531
0.12531
0.12531
0.12531
0.12531
0.12531
0.12562
0.12562
0.12562
0.12562
0.12562
0.12562
0.12562
0.12562
0.12562
0.12609
0.12609
0.12609
0.12609
0.12609
0.12609
0.12609
0.12609
0.12609
0.12609
0.12609
0.12625
0.12625
0.12625
0.12625
0.12625
0.12625
0.12625
0.12625
0.12625
0.12625
0.12625
0.1275
0.1275
0.1275
0.1275
0.1275
0.1275
0.1275
0.1275
0.1275
0.1275
0.1275
0.1275
0.1275
0.1275
0.1275
0.1275
0.1275
0.1275
0.1275
0.1275
0.1275
0.1275
0.1275
0.1275
0.13
0.13
0.13
0.13
0.13
0.13
0.13
0.13
0.13
0.13
0.13
0.13
0.13
0.13
0.13
0.13
0.13
0.13
0.13016
0.13016
0.13016
0.13016
0.13016
0.13016
0.13016
0.13016
0.13016
0.13016
0.13016
0.13016
0.13125
0.13125
0.13125
0.13125
0.13125
0.13125
0.13125
0.13125
0.13187
0.13187
0.13187
0.13187
0.13187
0.13187
0.13187
0.13187
0.13187
0.13187
0.13187
0.13219
0.13219
0.13219
0.13219
0.13219
0.13219
0.13219
0.13219
0.13219
0.13219
0.13219
0.1325
0.1325
0.1325
0.1325
0.1325
0.1325
0.1325
0.1325
0.1325
0.1325
0.1325
0.1325
0.1325
0.1325
0.1325
0.1325
0.1325
0.1325
0.1325
0.1325
0.1325
0.1325
0.1325
0.1325
0.1325
0.1325
0.1325
0.1325
0.1325
0.1325
0.1325
0.1325
0.1325
0.1325
0.13258
0.13258
0.13258
0.13258
0.13258
0.13258
0.13258
0.13258
0.13258
0.13258
0.13258
0.13258
0.13258
0.13258
0.13375
0.13375
0.13375
0.13375
0.13375
0.13375
0.13375
0.13375
0.13437
0.13437
0.13437
0.13437
0.13437
0.13437
0.13437
0.13437
0.13437
0.13437
0.13437
0.13516
0.13516
0.13516
0.13516
0.13516
0.13516
0.13516
0.13516
0.13516
0.13516
0.13516
0.13516
0.13516
0.13516
0.13516
0.13531
0.13531
0.13531
0.13531
0.13531
0.13531
0.13531
0.13531
0.13531
0.13531
0.13531
0.13531
0.13625
0.13625
0.13625
0.13625
0.13625
0.13625
0.13625
0.13625
0.13625
0.13625
0.13625
0.13629
0.13629
0.13629
0.13629
0.13629
0.13629
0.13629
0.13629
0.13629
0.13629
0.13629
0.13629
0.13629
0.13638
0.13638
0.13638
0.13638
0.13638
0.13638
0.13638
0.13638
0.14
0.14016
0.14016
0.14016
0.14016
0.14016
0.14016
0.14016
0.14016
0.14016
0.14016
0.14016
0.14016
0.14016
0.14016
0.14016
0.14016
0.14016
0.14016
0.14016
0.14016
0.14016
0.14016
0.14016
0.14031
0.14031
0.14031
0.14031
0.14031
0.14031
0.14031
0.14031
0.14031
0.14031
0.14031
0.14031
0.14031
0.14031
0.14063
0.14063
0.14063
0.14063
0.14063
0.14063
0.14063
0.14063
0.14063
0.14063
0.14063
0.14063
0.14063
0.14063
0.14063
0.14063
0.14063
0.14063
0.14063
0.14063
0.14063
0.14063
0.14063
0.14063
0.14063
0.1425
0.1425
0.1425
0.1425
0.1425
0.1425
0.1425
0.1425
0.1425
0.1425
0.1425
0.14258
0.14258
0.14258
0.14258
0.14258
0.14258
0.14258
0.14258
0.14258
0.14258
0.14258
0.14258
0.14258
0.14258
0.14258
0.14258
0.14258
0.14258
0.14258
0.14258
0.14258
0.14258
0.14258
0.14258
0.14258
0.14258
0.14258
0.14258
0.14258
0.14319
0.14319
0.14319
0.14319
0.14319
0.14319
0.14319
0.14319
0.14319
0.14319
0.14319
0.14319
0.14319
0.14319
0.14319
0.14319
0.14319
0.14319
0.14319
0.14319
0.14319
0.14319
0.14402
0.14402
0.14402
0.14402
0.14402
0.14402
0.14402
0.14402
0.14402
0.14402
0.14402
0.145
0.1455
0.1455
0.1455
0.1455
0.14601
0.14601
0.14601
0.14601
0.14601
0.14601
0.14601
0.14601
0.14601
0.14601
0.14601
0.14601
0.14625
0.14625
0.14625
0.14625
0.14625
0.14625
0.14625
0.14625
0.14625
0.14625
0.14625
0.14625
0.14625
0.14625
0.14625
0.14625
0.14625
0.14625
0.14625
0.14625
0.14625
0.14625
0.14625
0.14688
0.14688
0.14688
0.14688
0.14688
0.14688
0.14688
0.14688
0.14688
0.14688
0.14688
0.1475
0.1475
0.1475
0.1475
0.1475
0.1475
0.1475
0.1475
0.1475
0.1475
0.14844
0.14844
0.14844
0.14844
0.14844
0.14844
0.14844
0.14844
0.14844
0.14844
0.14844
0.14844
0.14902
0.14902
0.14902
0.14902
0.14902
0.14902
0.14902
0.14902
0.14902
0.14902
0.14902
0.15
0.15
0.15
0.15
0.15
0.15016
0.15016
0.15016
0.15016
0.15016
0.15016
0.15016
0.15016
0.15016
0.15016
0.15016
0.15016
0.15016
0.15016
0.15016
0.15016
0.15016
0.15016
0.15016
0.15016
0.15016
0.15016
0.15016
0.15016
0.15016
0.15016
0.15031
0.15031
0.15031
0.15031
0.15031
0.15031
0.15031
0.15031
0.15031
0.15031
0.15031
0.15031
0.15031
0.15031
0.15031
0.15031
0.15031
0.15031
0.15031
0.15031
0.15031
0.15031
0.15031
0.15063
0.15063
0.15063
0.15063
0.15063
0.15063
0.15063
0.15063
0.15063
0.15063
0.15063
0.15201
0.15201
0.15201
0.15219
0.15219
0.15219
0.15219
0.15219
0.15219
0.15219
0.15219
0.15219
0.15219
0.15305
0.15305
0.15305
0.15305
0.15305
0.15305
0.15305
0.15305
0.15305
0.15305
0.15375
0.15375
0.15375
0.15375
0.15375
0.15375
0.15375
0.15375
0.15375
0.15375
0.15375
0.15375
0.155
0.155
0.15625
0.15625
0.15625
0.15625
0.15625
0.15625
0.15625
0.15625
0.15625
0.15625
0.15625
0.15687
0.15687
0.15687
0.15687
0.15687
0.15687
0.15687
0.15687
0.15687
0.15687
0.15687
0.15719
0.15719
0.15719
0.15719
0.15719
0.15719
0.15719
0.15719
0.15719
0.15719
0.15719
0.15719
0.15719
0.15719
0.15719
0.15719
0.15719
0.15719
0.15719
0.15719
0.15719
0.15719
0.15775
0.15775
0.15775
0.15775
0.15775
0.15775
0.15775
0.15775
0.15775
0.15775
0.15775
0.15814
0.15814
0.15814
0.15814
0.15814
0.15814
0.15814
0.15814
0.15814
0.15814
0.15814
0.15814
0.15814
0.15844
0.15844
0.15844
0.15844
0.15844
0.15844
0.15844
0.15844
0.15844
0.15844
0.15844
0.15844
0.15875
0.15875
0.15875
0.15875
0.15875
0.15875
0.15875
0.15875
0.15875
0.15875
0.15875
0.15875
0.15875
0.15875
0.15875
0.15875
0.15875
0.15875
0.15875
0.15875
0.15875
0.15875
0.15875
0.15875
0.15922
0.15922
0.15922
0.15922
0.15922
0.15922
0.15922
0.15922
0.15922
0.15922
0.15922
0.15922
0.15937
0.15937
0.15937
0.15937
0.15937
0.15937
0.15937
0.15937
0.15937
0.15937
0.15937
0.15937
0.16016
0.16016
0.16016
0.16016
0.16016
0.16016
0.16016
0.16016
0.16016
0.16016
0.16016
0.16062
0.16062
0.16062
0.16062
0.16062
0.16062
0.16062
0.16062
0.16062
0.16062
0.16062
0.16062
0.16062
0.16062
0.16062
0.16062
0.16062
0.16062
0.16062
0.16062
0.16062
0.16062
0.16062
0.16062
0.16062
0.16062
0.16062
0.16062
0.16062
0.16062
0.16062
0.16062
0.16062
0.16109
0.16109
0.16109
0.16109
0.16109
0.16109
0.16109
0.16109
0.16109
0.16109
0.16109
0.16129
0.16129
0.16129
0.16129
0.16129
0.16129
0.16129
0.16129
0.16129
0.16129
0.16129
0.16129
0.16129
0.16129
0.16138
0.16138
0.16138
0.16138
0.16138
0.16138
0.16138
0.1625
0.1625
0.1625
0.1625
0.1625
0.1625
0.1625
0.1625
0.1625
0.1625
0.1625
0.1625
0.1625
0.1625
0.16258
0.16258
0.16258
0.16258
0.16258
0.16258
0.16258
0.16258
0.16258
0.16258
0.16258
0.16258
0.16319
0.16319
0.16319
0.16319
0.16319
0.16319
0.16319
0.16319
0.16319
0.16319
0.16319
0.16402
0.16402
0.16402
0.16402
0.16402
0.16402
0.16402
0.16402
0.16402
0.16402
0.16402
0.16409
0.16409
0.16409
0.165
0.165
0.165
0.165
0.165
0.165
0.16516
0.16516
0.16516
0.16516
0.16516
0.16516
0.16516
0.16516
0.16516
0.16516
0.16516
0.16516
0.16516
0.16562
0.16562
0.16562
0.16562
0.16562
0.16562
0.16562
0.16562
0.16562
0.16562
0.16562
0.16625
0.16625
0.16625
0.16625
0.16625
0.16625
0.16625
0.16625
0.16625
0.16625
0.16625
0.16625
0.16625
0.16625
0.16625
0.16625
0.16625
0.16625
0.16625
0.16813
0.16813
0.16813
0.16813
0.16813
0.16813
0.16875
0.16875
0.16875
0.16875
0.16875
0.16875
0.16875
0.17
0.17
0.17
0.17
0.17
0.17
0.17016
0.17016
0.17016
0.17016
0.17016
0.17016
0.17016
0.17016
0.17016
0.17016
0.17016
0.17063
0.17063
0.17063
0.17063
0.17063
0.17063
0.17063
0.17063
0.17063
0.17063
0.17063
0.17063
0.17138
0.17138
0.17138
0.17138
0.17138
0.17138
0.17138
0.17138
0.17138
0.1725
0.1725
0.1725
0.1725
0.1725
0.1725
0.1725
0.1725
0.1725
0.1725
0.1725
0.1725
0.1725
0.17422
0.17422
0.17422
0.17422
0.17422
0.17422
0.17422
0.17422
0.17422
0.17422
0.17422
0.17516
0.17516
0.17516
0.17516
0.17516
0.17516
0.17516
0.17516
0.17516
0.17516
0.17516
0.17516
0.17516
0.17516
0.17516
0.17516
0.17516
0.17516
0.17516
0.17516
0.17516
0.17516
0.17516
0.17516
0.17531
0.17531
0.17531
0.17531
0.17531
0.17531
0.17531
0.17531
0.17531
0.17531
0.17531
0.17625
0.17625
0.17625
0.17625
0.17625
0.17625
0.17625
0.17625
0.17625
0.17625
0.17625
0.17625
0.17625
0.17625
0.17625
0.17625
0.17625
0.17625
0.17625
0.17625
0.17625
0.17625
0.17629
0.17629
0.17629
0.17629
0.17629
0.17629
0.17629
0.17629
0.17629
0.17629
0.17629
0.17719
0.17719
0.17719
0.17719
0.17719
0.17719
0.17719
0.17719
0.17719
0.17719
0.17719
0.1775
0.1775
0.1775
0.1775
0.1775
0.1775
0.1775
0.1775
0.1775
0.1775
0.1775
0.1775
0.17805
0.17805
0.17805
0.17805
0.17805
0.17805
0.17805
0.17805
0.17805
0.17805
0.17805
0.17813
0.17813
0.17813
0.17813
0.17813
0.17813
0.17813
0.17813
0.17813
0.17813
0.17813
0.17819
0.17819
0.17819
0.17819
0.17819
0.17819
0.17819
0.17819
0.17819
0.17819
0.17819
0.18
0.18
0.18
0.18
0.18
0.18
0.18
0.18
0.18031
0.18031
0.18031
0.18031
0.18031
0.18031
0.18031
0.18031
0.18031
0.18031
0.18031
0.18031
0.18031
0.18031
0.18031
0.18031
0.18031
0.18031
0.18031
0.18031
0.18031
0.18031
0.18031
0.18031
0.18031
0.18031
0.18031
0.18031
0.18031
0.18031
0.18031
0.18031
0.18031
0.18031
0.18031
0.18031
0.18031
0.18031
0.18063
0.18063
0.18063
0.18063
0.18063
0.18063
0.18063
0.18063
0.18063
0.18063
0.18063
0.18063
0.18101
0.18101
0.18101
0.18101
0.18101
0.18101
0.18101
0.18101
0.18101
0.18101
0.18101
0.18125
0.18125
0.18125
0.18125
0.18125
0.18125
0.18125
0.18125
0.18125
0.18125
0.18125
0.18125
0.18201
0.18201
0.18201
0.18219
0.18219
0.18219
0.18219
0.18219
0.18219
0.18219
0.18219
0.18219
0.18219
0.18219
0.18344
0.18344
0.18344
0.18344
0.18344
0.18344
0.18344
0.18344
0.18344
0.18344
0.18344
0.185
0.185
0.185
0.185
0.185
0.185
0.185
0.185
0.185
0.185
0.185
0.185
0.185
0.185
0.185
0.18531
0.18531
0.18531
0.18531
0.18531
0.18531
0.18531
0.18531
0.18531
0.18531
0.18531
0.1855
0.1855
0.1855
0.1855
0.18563
0.18563
0.18563
0.18563
0.18563
0.18563
0.18563
0.18563
0.18563
0.18563
0.18563
0.18563
0.18638
0.18638
0.18638
0.18638
0.18638
0.18638
0.18638
0.18638
0.18638
0.18638
0.18638
0.1875
0.1875
0.1875
0.1875
0.1875
0.1875
0.1875
0.1875
0.1875
0.1875
0.1875
0.1875
0.1875
0.18758
0.18758
0.18758
0.18758
0.18758
0.18758
0.18758
0.18758
0.18758
0.18758
0.18758
0.18758
0.18775
0.18775
0.18775
0.18775
0.18775
0.18775
0.18775
0.18775
0.18775
0.18775
0.18775
0.18775
0.18775
0.18775
0.18775
0.18775
0.18775
0.18775
0.18775
0.18812
0.18812
0.18812
0.18812
0.18812
0.18812
0.18812
0.18812
0.18812
0.18812
0.18812
0.18812
0.18812
0.18812
0.18812
0.18812
0.18812
0.18812
0.18812
0.18812
0.18812
0.18812
0.18844
0.18844
0.18844
0.18844
0.18844
0.18844
0.18844
0.18844
0.18844
0.18844
0.18844
0.19
0.19
0.19
0.19016
0.19016
0.19016
0.19016
0.19016
0.19016
0.19016
0.19016
0.19016
0.19016
0.19016
0.19016
0.19016
0.19016
0.19016
0.19016
0.19016
0.19016
0.19016
0.19016
0.19016
0.19016
0.19016
0.19016
0.19016
0.19062
0.19062
0.19062
0.19062
0.19062
0.19062
0.19062
0.19062
0.19062
0.19062
0.19062
0.19062
0.19062
0.19062
0.19062
0.19062
0.19062
0.19062
0.19062
0.19062
0.19062
0.19062
0.19062
0.19109
0.19109
0.19109
0.19109
0.19109
0.19109
0.19109
0.19109
0.19109
0.19109
0.19109
0.19201
0.19201
0.19201
0.19201
0.1925
0.1925
0.1925
0.1925
0.1925
0.1925
0.1925
0.1925
0.1925
0.1925
0.1925
0.1925
0.1925
0.1925
0.1925
0.1925
0.1925
0.1925
0.1925
0.1925
0.19275
0.19275
0.19275
0.19275
0.19275
0.19275
0.19319
0.19319
0.19319
0.19319
0.19319
0.19319
0.19319
0.19319
0.19319
0.19319
0.19319
0.19375
0.19375
0.19375
0.19375
0.19375
0.19375
0.19375
0.19375
0.19375
0.19375
0.19375
0.19402
0.19402
0.19402
0.19402
0.19402
0.19402
0.19402
0.19402
0.19402
0.19402
0.19402
0.19422
0.19422
0.19422
0.19422
0.19422
0.19422
0.19422
0.19422
0.19422
0.19422
0.19422
0.19422
0.195
0.195
0.195
0.195
0.195
0.195
0.195
0.195
0.195
0.195
0.195
0.19531
0.19531
0.19531
0.19531
0.19531
0.19531
0.19531
0.19531
0.19531
0.19531
0.19531
0.19531
0.19601
0.19601
0.19601
0.19601
0.19601
0.19601
0.19625
0.19625
0.19625
0.19625
0.19625
0.19625
0.19625
0.19625
0.19625
0.19625
0.19625
0.19629
0.19629
0.19629
0.19629
0.19629
0.19629
0.19629
0.19629
0.19629
0.19629
0.19629
0.19629
0.19687
0.19687
0.19687
0.19687
0.19687
0.19687
0.19687
0.19687
0.19687
0.19687
0.19687
0.19687
0.1975
0.1975
0.1975
0.1975
0.1975
0.1975
0.1975
0.1975
0.1975
0.1975
0.1975
0.19805
0.19805
0.19805
0.19805
0.19805
0.19805
0.19805
0.19805
0.19805
0.19805
0.19805
0.19814
0.19814
0.19814
0.19814
0.19814
0.19814
0.19814
0.19814
0.19814
0.19814
0.19814
0.19814
0.19814
0.19814
0.19875
0.19875
0.19875
0.19875
0.19875
0.19875
0.19875
0.19875
0.19875
0.19902
0.19902
0.19902
0.19902
0.19902
0.19902
0.19902
0.19902
0.19902
0.19902
0.19902
0.19938
0.19938
0.19938
0.19938
0.19938
0.19938
0.19938
0.19938
0.19938
0.19938
0.19938