2976
4032
4064
3632
4040
4060
4808
6292
6616
4100
4688
4824
4160
4900
4952
4648
5024
4756
4808
6000
3664
4096
4384
3892
4532
4264
4132
3964
4012
4488
4584
4660
4300
5768
4800
4988
4672
5300
4152
5268
5812
4700
5928
2908
3040
3036
2920
3056
3052
3032
3476
4580
4912
3528
3804
4224
4728
4612
4532
4388
4400
4412
4812
4684
5040
5276
4860
5292
5968
4964
5924
5892
6452
6980
2912
3024
2920
2884
3020
3012
3000
3028
3148
3368
3808
3164
3404
3088
3716
4500
4872
4536
4968
4980
4264
5264
5944
5488
5248
5288
5492
5324
3100
3232
3216
3096
3096
3096
3216
3236
3208
3552
3788
3820
4124
4548
4512
5192
4120
5912
5048
5140
3576
3344
4252
4240
4668
3348
3988
4432
4040
3820
5176
4104
3924
4704
4704
4344
4512
4776
5156
5712
5316
5000
3896
3428
3860
4216
4096
4416
4064
5248
4248
5304
5468
3348
3396
3380
3148
3256
3280
3124
3136
3140
3252
3260
3260
3128
3268
3124
3288
3136
3264
3128
3140
3132
3240
3276
3256
3104
3092
3268
3108
3240
3680
3536
3476
3628
3792
4720
3864
4600
4092
5000
5176
5900
3720
2940
4092
2808
3904
4632
4952
4488
5788
5376
4928
5404
5744
4312
4216
4388
4828
4772
4220
4620
4756
5300
5224
5672
2876
2992
2884
2908
2932
3024
3044
2900
2892
3008
3012
3164
3496
3140
4212
4736
4308
5016
4852
5144
5208
5288
2476
2556
2676
2672
2668
2680
2672
6872
3092
3008
3596
3900
3744
4576
3492
4224
4136
4260
4388
5660
5572
5244
6436
4816
5200
5448
5912
5444
5444
6440
5608
6684
5200
6192
3188
4328
4544
4352
4236
4452
4588
6048
5636
5672
5996
6228
4040
3580
3732
2984
4196
3804
3448
3504
2936
4344
3720
3180
4696
3584
4288
3488
4172
3928
5416
4608
4044
5320
5260
3104
3096
2948
3064
2980
3056
3096
2932
2976
5136
3680
4028
4496
5164
6284
5056
4232
6308
5084
4636
3488
2736
4024
5044
3832
4260
4348
4140
4552
4548
4428
5720
5724
5384
5148
4400
4668
4868
3944
4568
4880
5396
4980
5684
5608
5260
5904
7904
7136
4216
5576
4884
4488
4760
4992
5300
5956
4936
6536
5228
6744
6768
5544
3612
3596
3600
3584
3608
3592
3612
3544
3464
3508
3512
3508
3548
3536
3632
3536
3520
3656
3520
3640
3492
3536
3640
3644
3652
3648
3624
2908
3476
4516
2820
2956
3548
3180
2780
3444
4196
2996
2932
2820
2820
2824
2928
2808
2820
2832
2932
3004
3060
4820
8544
8492
4516
4760
4780
4732
4908
4680
4764
4948
4864
4848
5220
6128
6008
3420
3272
3412
3400
3416
3184
3308
3300
3328
3280
4028
3884
4928
4116
4576
6060
4824
5468
4148
4824
5972
4760
5104
6628
5684
6208
5296
5008
6988
6132
7420
4716
5844
4428
5372
5356
5604
6124
5108
5808
5900
6468
6676
6284
6888
6184
7396
7032
3204
3220
3924
4924
4244
3720
4172
4008
4364
5148
4720
6120
3424
3540
3620
3340
3356
3384
3348
3388
3436
3476
3456
3356
3436
3472
3492
3372
3472
3500
3500
5340
4416
5172
5192
5452
5180
5304
6688
3988
4556
7216
4312
4316
6508
5416
6232
5888
6980
6756
8960
2704
3796
6392
6552
6364
6200
5676
6052
5700
5248
6876
5020
4800
4408
2808
4544
4184
7052
4420
5432
6300
8204
5648
7292
6256
7072
5660
7424
7712
7820
7852
4564
4292
4692
3964
4216
5356
5908
3804
6372
5912
7320
4768
4908
5416
5668
6500
6460
5576
5836
7168
7404
7836
5288
5120
4572
4492
5548
5272
5484
5156
4988
5236
5632
5724
4352
6356
5444
4820
6128
6304
6124
7096
6164
5628
7392
6528
3828
5400
6164
4984
4800
3612
6892
4592
6440
7016
5480
6352
7752
6252
6476
6492
7776
8024
4472
5164
5740
5472
5144
5516
5544
5872
5372
5496
6472
6120
6500
7280
7480
7264
7924
7072
7104
7540
3180
4564
3556
4724
3680
4252
3584
3284
4704
4944
5508
5236
5384
5640
5892
5564
5992
6372
6192
6164
6148
6344
3836
5256
5476
4632
5160
4760
4644
4464
6020
5856
4868
5740
5128
4088
4972
5576
5044
5044
5772
5672
4928
5488
6484
6372
6408
5228
6768
8228
6712
7924
7724
6160
6692
7416
4692
4572
5048
6080
5132
5888
6088
5524
4952
6592
6232
6504
7192
8392
3188
5556
6756
7908
9316
10248
10000
10112
5392
5080
4744
5176
5896
5900
5752
6380
5412
6212
6348
3476
5748
6196
5912
5720
6252
6164
5816
6952
6812
7328
7960
7964
7816
9016
5212
5252
5464
5288
6656
4468
6472
5892
6440
6324
8580
9468
2508
3480
5092
5780
5000
5484
5384
5912
8732
7444
11256
4364
4472
5796
3820
6072
4784
4348
6948
4176
4936
6816
6064
8460
3856
3736
3744
3932
3892
3856
3876
3736
5644
5552
6488
5764
5484
5672
5464
5696
5700
7116
6732
6788
7180
6460
8072
6324
7304
8336
7588
6948
7564
7900
9308
8740
5220
5948
5892
5792
5656
5756
6168
6056
5748
6452
6048
7580
8064
8516
5976
6020
5324
4644
5436
6920
6636
6104
6168
5732
6788
6964
6272
6100
7272
6528
7000
6980
7504
7076
7480
7796
7736
7244
7412
6200
6436
6692
6284
6584
6564
6712
6760
6152
8308
8244
4720
5176
5812
7008
6148
5976
4368
7176
6280
4136
3996
4540
4720
4712
6812
7304
6520
5568
5280
7544
8224
4824
7520
5744
5508
9636
8236
9440
8180
4356
4364
4332
4376
4244
4196
4340
4196
4224
4236
4328
4224
4216
4340
4212
4388
4240
4372
4348
4220
4364
4236
4504
4376
4372
4392
4372
4468
4488
4468
4492
4372
4384
6180
4404
4436
4364
4284
4408
4368
4320
4408
4264
4296
4260
4248
4356
4368
4400
4252
3548
4856
5684
5376
3836
5880
6740
7348
5984
5952
6680
5780
6784
6712
8412
6984
7640
8424
5696
5752
8772
9940
8176
4804
4968
5944
6132
4788
6364
6088
7756
6040
6036
8264
5072
6024
5488
5836
5164
4652
5348
6792
6712
7560
3412
4804
4580
7344
6104
7776
6908
7040
6232
7708
8212
7780
4120
4036
4116
4076
4192
4092
4244
4272
4240
4108
4436
5824
7624
7464
7532
7700
4012
3812
6832
6364
7480
6704
3816
7624
4408
6104
5568
5480
6028
6932
6664
7492
7188
6940
7128
7212
5332
4676
6680
9496
10308
10940
4584
5508
5924
6376
6236
6392
6436
6540
7676
6468
6476
6992
6796
6892
6308
7512
8256
8328
8556
9404
9108
9212
9712
6116
7452
6612
6648
7644
7248
7416
7088
7328
7468
8712
4696
4684
4688
6632
6804
6276
6876
6056
6852
7128
7196
7148
7000
5744
7412
6360
6624
6724
8696
7028
7236
8228
7772
3828
5392
7356
7140
6452
6704
4612
5796
7812
7800
8720
7892
12340
12804
5508
5768
5612
6028
6452
5976
6620
7504
8172
10492
9452
2444
4224
4604
5888
5472
4968
4784
4996
4676
6880
9788
5812
6592
6888
6048
5692
6528
6380
5264
5752
7352
7124
4632
6132
4960
5284
6324
4584
5156
5792
5552
5236
5692
4800
4804
4752
4924
4932
4912
4884
4804
4868
4744
4924
6212
7424
4848
6536
5316
5776
8036
6776
5992
6096
5908
5932
6988
6332
7556
8960
8068
8592
9676
8424
8312
9244
8844
8960
10848
4264
4560
3596
5268
5168
5636
6732
7056
6444
5332
6100
6132
5772
5728
4452
5236
7308
5668
5800
7632
8168
7360
7164
5260
4732
5748
5268
7008
7024
8868
9084
7952
5036
5648
7392
7064
3500
7348
6824
7584
7624
6876
7524
7412
8068
9812
9440
10292
6376
5996
7248
7044
6640
8512
7976
7904
6628
7428
9344
4648
4748
5436
5764
5808
5808
5544
4504
5716
6072
7180
6900
6456
5308
7096
6640
6312
7280
7748
6852
7072
7684
10000
8028
9584
7436
7696
7484
8944
7920
10828
8900
9352
5248
6192
6632
7568
5968
6048
3792
5488
6560
7056
10032
4448
5108
6640
3788
7132
6868
5996
4884
6368
6200
7044
6796
7304
8940
4680
4572
4684
4588
4708
4692
4724
4180
5732
7972
7928
10432
11212
9792
11180
11276
11288
10816
10748
11416
11072
5040
4580
5608
5832
5512
7984
6400
6440
7272
6352
7176
6364
4904
4740
4740
4720
4872
4872
4740
4868
4852
4736
4892
8192
8932
9096
8228
8708
7948
9384
8796
9900
9544
9284
5060
5040
5092
6964
6248
6924
7896
8944
8132
7520
5932
5344
6780
5400
6492
8072
8968
6628
7088
8256
7712
9972
6296
7132
7444
7572
8740
8860
7984
8216
8380
9368
11064
8856
10096
8536
10316
8332
10432
10764
8824
10364
9412
9944
8612
8616
8808
8112
10492
8872
10052
10876
8488
7504
8036
7248
10168
12220
8292
8788
11236
10876
13416
13824
14624
7620
6628
8704
8808
10320
11272
6332
6048
4944
4952
6308
9044
9952
8996
10724
11524
10904
5964
5292
6588
7528
7984
7612
7924
7704
9648
8364
9312
13884
5168
5152
4976
5144
5180
5196
5028
4984
5128
5276
6620
9188
8900
4904
8436
6792
12132
12292
12392
12424
12440
12516
5308
6636
7000
5076
7116
8656
4224
7768
4932
8936
6220
5476
7772
7644
7768
8352
8716
6872
6636
9112
8424
7300
6952
7124
6116
8156
8604
10188
8888
6852
8100
5784
10652
10148
12940
8096
5588
7220
8404
7960
9296
6248
7708
7972
8492
10820
5808
5788
7352
8344
7544
9260
9240
8672
10476
7084
10832
10720
7940
10096
7912
10976
9948
12460
11328
12448
12980
13508
6960
4604
7696
5456
8312
8612
8152
8432
9156
9772
10348
6672
5748
5352
6904
5112
5528
4948
5548
5872
5972
5980
7792
7836
7032
8256
8068
9808
8500
10348
11464
10564
11616
11056
6636
8152
7712
7356
7904
8332
8860
8200
7364
7924
11832
4360
6264
8656
4736
8496
7468
6612
8220
7492
8024
11904
5764
5788
5648
5796
5672
5692
5816
5676
5820
5804
5712
7508
7772
8092
6664
8680
7700
8032
10172
7792
6948
5712
8000
7772
5000
8232
6252
7660
6708
6120
5244
6192
7108
6104
8976
5668
5536
9776
8868
9028
9356
8260
8404
6380
9316
8240
11380
10476
5148
11240
11344
9212
11496
10696
10708
12544
13420
8316
8984
8256
7996
8796
9240
10364
11072
10508
10872
11132
10952
5932
5944
5992
5972
5992
5996
5880
5840
5892
5920
5880
8584
7812
8416
8428
10268
7660
8964
8164
8680
10740
11708
11804
5832
5972
6036
8252
7200
5840
7684
6928
6844
6552
6344
7584
8424
7844
8808
8292
6744
9956
10180
9564
10208
8952
11036
12032
11120
8572
7856
8212
9688
9348
9984
8948
11016
11108
9884
9788
11768
11684
9840
12288
5580
5204
6484
5616
7508
6072
7772
7476
6244
7356
6984
5676
5804
5832
5808
7124
7144
5988
7780
9180
8068
8504
8924
9024
9260
10256
10596
5720
5568
5728
5592
5632
5576
5568
5756
5696
5708
5800
7452
5032
5600
6956
9996
3884
6652
6992
8604
6744
7772
11000
9040
6988
4020
7704
4980
7704
9372
7116
8664
6200
8844
8580
9096
6004
5820
5952
5956
5952
5808
5840
5992
5840
5880
5948
5916
5796
5960
5808
5992
5968
5984
5968
7260
7324
7808
8316
7400
8084
8228
6876
9072
8552
9956
8124
8752
7200
9248
10384
8400
8368
9044
7796
5564
11608
7020
8832
6584
6092
7188
5564
9152
8060
8124
10144
12472
8180
8116
8416
7904
9144
9492
9396
9332
9508
8804
9400
9324
9496
9692
9780
9512
11596
12088
10092
10316
10152
9124
9872
12140
13512
13140
12728
11184
8096
9108
6680
7852
4840
6244
8000
5468
5668
6796
6652
6468
9768
7776
9168
10388
10092
7544
9864
9840
7308
10360
12744
7000
6944
7332
7996
7476
7528
8476
8220
8012
7804
10192
6176
6180
6152
6156
8572
7824
7196
8972
8392
9484
12020
11980
10276
10476
10108
10412
13012
12332
10360
10744
10728
13956
13060
14040
6336
6360
6396
6340
6348
6240
6292
6364
6192
6304
6232
6204
6200
6300
6180
6384
6336
4760
5872
5504
8912
6132
8196
9068
7044
9420
10508
9428
10808
9660
10196
9856
12128
9916
9720
10148
10720
13644
10476
8392
9940
7232
7848
8924
4788
8172
9908
11176
10120
13012
13372
8784
7732
8320
7256
8804
10412
10304
10520
10624
11008
14064
6832
6276
7972
5072
8060
8240
6372
7976
8896
6272
8308
5780
6556
6532
6524
6520
6520
6532
8468
8268
9908
12708
9488
13480
14188
14024
13964
14140
15196
7972
6984
8944
9616
7720
7496
8540
8580
8780
8508
12304
14352
5296
5896
6188
6460
5664
5544
6116
8092
9572
9664
7800
12560
7304
6908
8304
6220
10472
10216
7132
10476
14340
14696
16004
7352
9340
10516
11112
10568
10724
9692
9476
11420
11516
13624
8132
7200
9052
7008
8716
7184
8220
8504
8332
9440
7796
9448
11240
10856
10536
10684
9492
9484
10232
13060
10880
11112
14696
8060
8088
9560
8840
8968
8932
9984
9576
9484
9976
10172
9032
8712
9792
7632
9476
8296
11664
11428
10668
13384
14136