325380 0.22
476 0.284
4500 0.274
196 0.204
42420 0.209
221944 0.244
42960 0.236
6384 0.245
192 0.228
177888 0.19
196 0.31
17500 0.275
3688 0.201
322008 0.274
150840 0.233
12028 0.269
192 0.358
171168 0.259
149268 0.387
196 0.194
8768 0.281
244120 0.356
192 0.249
11304 0.359
334736 0.177
171288 0.278
302760 0.279
196 0.266
8532 0.214
206528 0.342
158080 0.303
196 0.384
9324 0.263
196456 0.303
229316 0.269
9572 0.209
196 0.287
215156 0.24
261736 0.351
196 0.305
8864 0.353
151564 0.299
165348 0.332
10800 0.284
192 0.505
185592 0.322
196 0.345
6564 0.263
149992 0.296
247900 0.32
9320 0.45
196 0.272
216724 0.223
236788 0.193
140468 0.305
8592 0.299
126100 0.286
196 0.252
3992 0.271
58892 0.281
196 0.253
222924 0.241
179312 0.306
68180 0.292
4384 0.272
196 0.205
202232 0.299
55996 0.299
4436 0.246
192 0.304
110896 0.392
4912 0.205
196 0.21
195728 0.396
256972 0.315
58168 0.317
5664 0.273
192 0.163
57320 0.217
4300 0.212
192 0.233
192476 0.252
74096 0.269
5348 0.15
192 0.387
181124 0.299
4796 0.282
196 0.341
84108 0.684
185612 0.684
4368 0.301
196 0.285
227936 0.276
110296 0.248
5008 0.299
221924 0.279
196 0.397
62388 0.324
196 0.314
153012 0.385
9132 0.351
163828 0.397
5624 0.404
257224 0.374
38496 0.37
196 0.23
9588 0.308
107400 0.333
192 0.446
212964 0.352
48632 0.239
5344 0.245
192 0.288
219580 0.239
196 0.434
97264 0.323
8312 0.501
193500 0.305
7084 0.28
200 0.239
103656 0.311
207840 0.311
93644 0.311
196 0.376
7336 0.336
202892 0.265
6800 0.203
74696 0.291
192 0.334
8148 0.363
205868 0.472
200 0.295
235528 0.404
122480 0.27
192 0.367
214836 0.314
8568 0.312
9056 0.319
357184 0.25
212516 0.222
192 0.334
6920 0.367
77592 0.278
196 0.417
206588 0.243
300712 0.328
5568 0.334
196 0.325
227172 0.434
241944 0.379
196 0.25
6760 0.422
206124 0.401
71200 0.344
5432 0.24
192672 0.294
154336 0.358
6104 0.241
192 0.23
259136 0.307
102336 0.267
6452 0.12
196 0.238
242844 0.208
5912 0.205
196 0.428
75420 0.279
180180 0.402
4224 0.365
58168 0.325
196 0.346
179968 0.31
5356 0.33
82064 0.306
196 0.476
264968 0.277
6136 0.328
260440 0.421
196 0.287
77592 0.408
6032 0.461
196 0.305
69756 0.412
205608 0.374
108724 0.311
266640 0.269
196 0.3
6540 0.294
89304 0.346
9660 0.324
196 0.314
190256 0.336
7460 0.224
227636 0.29
114516 0.24
192 0.238
218176 0.208
9684 0.27
192 0.295
198756 0.23
9852 0.222
192 0.302
144640 0.341
232532 0.359
42968 0.319
200 0.272
5220 0.324
234248 0.443
191988 0.308
224868 0.308
8956 0.282
200 0.217
196 0.336
7272 0.257
134192 0.349
195640 0.321
7600 0.253
94244 0.338
192 0.364
214104 0.432
7140 0.429
222156 0.365
86408 0.368
196 0.393
77592 0.312
200 0.261
7204 0.294
192572 0.312
101612 0.433
196 0.314
5124 0.317
171512 0.433
94244 0.204
196 0.221
4876 0.352
205504 0.18
2700 0.283
183248 0.265
8216 0.277
192 0.217
4116 0.245
29084 0.253
192 0.208
194992 0.228
2976 0.249
8216 0.228
200 0.334
212984 0.202
203288 0.329
4184 0.201
70352 0.329
196 0.301
215920 0.306
4120 0.275
32832 0.299
196 0.272
5828 0.278
98588 0.245
196 0.323
200632 0.249
122612 0.281
5632 0.217
196 0.411
277516 0.281
122480 0.532
9048 0.278
196 0.267
192064 0.444
160260 0.317
192 0.234
6892 0.415
196788 0.273
102208 0.289
8284 0.235
196 0.232
216888 0.248
286960 0.28
192 0.316
11804 0.216
178820 0.316
196 0.379
7680 0.24
290108 0.287
117412 0.263
200 0.279
13280 0.371
184876 0.355
259160 0.339
13876 0.381
200 0.386
144200 0.347
259184 0.321
75552 0.358
200 0.287
9844 0.375
234720 0.384
10188 0.367
288064 0.345
85556 0.286
196 0.297
53832 0.238
8104 0.229
196 0.3
245952 0.217
60216 0.176
196 0.293
7364 0.252
282504 0.191
50936 0.232
7400 0.252
196 0.27
275960 0.232
269308 0.379
45012 0.453
7296 0.266
192 0.312
32112 0.3
6264 0.331
192 0.318
234560 0.261
196 0.333
4668 0.319
292860 0.305
30532 0.329
71932 0.295
200 0.312
8712 0.272
219640 0.351
51528 0.35
192 0.274
6724 0.3
254868 0.385
54556 0.379
192 0.292
9228 0.321
264196 0.325
192 0.269
10628 0.306
86280 0.33
280716 0.351
107408 0.326
196 0.315
206016 0.36
12304 0.344
9948 0.31
66732 0.286
196 0.31
260512 0.312
11836 0.296
119716 0.32
276996 0.283
200 0.404
125376 0.392
13140 0.325
194492 0.347
196 0.415
196 0.351
67588 0.344
9508 0.447
201736 0.294
172436 0.337
7980 0.345
222956 0.307
196 0.342
49488 0.214
196 0.335
6768 0.303
208216 0.214
37048 0.195
6256 0.392
192 0.308
195472 0.292
6248 0.308
62520 0.244
192 0.306
168232 0.287
6028 0.289
200 0.339
153264 0.202
69036 0.261
209364 0.349
7172 0.306
192 0.22
211256 0.372
196 0.258
9120 0.31
109584 0.296
182820 0.347
245128 0.26
196 0.29
7660 0.248
155196 0.262
192 0.364
10216 0.33
148544 0.223
213112 0.196
96552 0.205
196 0.392
4664 0.337
190932 0.203
91348 0.157
5836 0.365
192 0.314
226028 0.212
131304 0.345
6120 0.393
192 0.316
151052 0.256
81212 0.209
4036 0.314
196 0.418
202676 0.186
3576 0.299
192 0.352
218692 0.221
29940 0.254
57320 0.302
4260 0.401
192 0.272
230424 0.284
66144 0.212
4792 0.335
220824 0.189
472 0.237
187916 0.301
196 0.232
3880 0.292
58348 0.312
241948 0.331
196 0.213
118256 0.254
7336 0.225
186008 0.311
5628 0.23
92796 0.215
196 0.283
185252 0.239
92920 0.332
6656 0.194
196 0.268
230660 0.383
166644 0.288
8716 0.282
196 0.307
211108 0.255
66128 0.285
7520 0.33
196 0.293
260560 0.325
10384 0.277
196 0.379
275248 0.275
235752 0.311
10568 0.404
200 0.224
237720 0.249
214456 0.328
194516 0.346
3724 0.424
196 0.279
42960 0.286
194484 0.36
4184 0.228
192 0.439
24740 0.279
180652 0.28
17620 0.257
4212 0.216
200 0.361
172340 0.321
9536 0.354
196 0.293
3880 0.242
174988 0.304
61784 0.302
3860 0.369
196 0.312
167416 0.265
36324 0.258
196 0.366
5200 0.275
213528 0.307
5312 0.269
2744 0.266
196 0.244
200176 0.296
41392 0.33
5088 0.349
192 0.286
187328 0.285
20516 0.357
4252 0.278
192 0.295
217412 0.401
21844 0.342
3884 0.297
196 0.245
212504 0.377
16896 0.362
196 0.194
3808 0.263
202472 0.383
58768 0.383
4052 0.258
192 0.207
180848 0.327
3428 0.217
196 0.244
39340 0.252
191324 0.298
79764 0.359
4688 0.207
192 0.326
189208 0.359
75540 0.356
4416 0.253
196 0.36
200416 0.345
50200 0.323
120216 0.434
5232 0.28
196 0.285
117412 0.325
5968 0.333
196 0.237
191872 0.305
196 0.264
4916 0.354
104504 0.337
239956 0.262
196 0.367
4144 0.228
10984 0.212
221672 0.246
7012 0.248
196 0.319
111020 0.322
258068 0.286
4104 0.278
229108 0.299
54424 0.299
45136 0.299
4612 0.369
192 0.312
192 0.286
282476 0.692
30532 0.692
192 0.426
4504 0.303
279908 0.609
33552 0.539
5200 0.286
196 0.458
225372 0.517
58768 0.488
196 0.392
7980 0.312
183268 0.473
113916 0.286
6124 0.422
196 0.26
223668 0.299
92072 0.262
5716 0.395
192 0.399
216936 0.131
150116 0.22
6376 0.293
192 0.313
203092 0.368
110172 0.247
192 0.4
6508 0.304
116812 0.311
218724 0.201
251404 0.317
196 0.508
5968 0.407
196 0.378
7444 0.33
177504 0.664
227044 0.608
8440 0.595
192 0.345
211656 0.401
177148 0.374
9980 0.477
299864 0.369
196 0.353
132152 0.325
305780 0.19
231096 0.27
7872 0.299
200 0.294
196 0.297
6888 0.304
67456 0.266
201708 0.234
10076 0.351
200 0.333
411484 0.302
207556 0.295
7816 0.327
192 0.272
79040 0.401
192848 0.421
66856 0.286
7196 0.312
200 0.22
36324 0.336
196 0.358
6588 0.353
241444 0.318
73372 0.237
196 0.256
6292 0.231
189704 0.243
124652 0.255
192 0.262
8240 0.198
214788 0.225
68304 0.287
196 0.277
5996 0.288
148084 0.344
60216 0.297
160232 0.285
196 0.268
3868 0.205
3768 0.232
196 0.303
42240 0.263
192 0.354
157280 0.336
3616 0.279
29084 0.343
172432 0.343
196 0.327
3004 0.325
54548 0.405
183476 0.405
196 0.224
4116 0.335
42116 0.405
189896 0.406
4036 0.337
196 0.287
50204 0.356
210972 0.328
192 0.347
5004 0.275
70352 0.333
228208 0.367
153016 0.369
259176 0.309
192 0.237
4684 0.315
7828 0.279
196 0.293
257872 0.254
230472 0.269
239896 0.363
9532 0.362
192 0.235
213388 0.402
84108 0.247
200 0.299
8172 0.305
155352 0.225
79164 0.361
7448 0.311
192 0.256
189360 0.401
149992 0.26
7688 0.208
196 0.321
142380 0.266
5712 0.278
192 0.5
64688 0.254
234680 0.227
7620 0.256
196 0.293
243520 0.37
196 0.44
10528 0.709
163152 0.476
10420 0.399
196 0.391
161576 0.433
142800 0.453
196 0.375
257996 0.507
10132 0.282
227568 0.416
196 0.287
10984 0.399
3660 0.448
242476 0.394
189868 0.397
196 0.27
105232 0.448
7940 0.375
191992 0.474
56596 0.474
196 0.307
5716 0.346
206008 0.44
35728 0.4
196 0.238
4052 0.27
211116 0.343
40668 0.369
196 0.351
4040 0.27
192848 0.332
39348 0.358
192 0.408
4228 0.321
166088 0.356
4516 0.238
31256 0.385
196 0.386
179312 0.331
35004 0.4
196 0.426
5080 0.261
190184 0.342
40668 0.348
196 0.263
4764 0.364
209836 0.402
41520 0.316
196 0.248
5836 0.436
212804 0.368
84108 0.251
196 0.304
208628 0.337
6492 0.422
7408 0.414
74824 0.399
196 0.355
228104 0.422
6880 0.325
73248 0.437
232444 0.429
200 0.275
9256 0.295
157360 0.329
174280 0.28
200 0.392
9984 0.278
118860 0.392
155984 0.411
196 0.344
10548 0.288
196 0.258
7860 0.28
196 0.299
196 0.305
5540 0.35
229208 0.422
10264 0.42
196 0.404
196 0.391
9876 0.263
8712 0.353
192 0.281
196 0.308
5916 0.332
192 0.379
6308 0.373
196 0.341
5240 0.354
6820 0.331
196 0.35
6400 0.345
196 0.266
196 0.383
4228 0.399
5812 0.336
196 0.364
196 0.353
4756 0.308
204824 0.244
206336 0.428
196 0.34
6132 0.234
192 0.263
6328 0.34
200 0.37
5868 0.36
196 0.265
8088 0.313
5452 0.27
192 0.341
196 0.333
5916 0.264
170764 0.434
10732 0.312
196 0.344
7104 0.236
42116 0.42
196 0.419
6860 0.338
82792 0.293
181936 0.233
476 0.373
9840 0.283
2956 0.246
196 0.326
200268 0.298
3496 0.35
196 0.256
316800 0.265
16172 0.263
96416 0.317
7168 0.354
200 0.419
187152 0.317
196 0.352
63232 0.45
7040 0.27
184276 0.426
78316 0.29
5644 0.377
196 0.395
233404 0.325
7940 0.363
192 0.293
88572 0.36
204836 0.363
6616 0.343
196 0.321
191224 0.387
56596 0.387
7552 0.348
192 0.295
69748 0.337
202064 0.481
7644 0.311
243452 0.686
196 0.277
52976 0.476
11304 0.263
206588 0.46
192 0.336
210200 0.361
8532 0.303
91348 0.301
192 0.375
205604 0.271
189236 0.356
8052 0.322
102332 0.244
192 0.249
7336 0.327
217328 0.423
196 0.219
185548 0.36
5340 0.231
9656 0.32
196 0.39
156104 0.318
192 0.328
8224 0.204
203508 0.105
200 0.248
261608 0.325
11000 0.328
273504 0.28
273076 0.226
13084 0.273
196 0.236
267428 0.303
13408 0.287
175452 0.266
192 0.316
169704 0.266
86280 0.299
196 0.437
6480 0.233
189672 0.338
69748 0.445
6640 0.362
196 0.348
211492 0.496
8124 0.45
87728 0.375
200 0.3
221516 0.321
9136 0.343
168212 0.332
196 0.306
190384 0.287
192 0.32
6068 0.375
94244 0.421
189040 0.402
6700 0.273
66852 0.417
185808 0.361
196 0.281
6556 0.291
189212 0.284
173704 0.321
192 0.316
5612 0.257
96416 0.331
198400 0.315
192 0.276
4020 0.327
196 0.392
62508 0.381
248968 0.375
211364 0.371
5180 0.416
196 0.48
47908 0.424
4900 0.439
192 0.317
42964 0.388
191228 0.339
2760 0.419
46460 0.307
192 0.27
167860 0.342
3700 0.323
66132 0.335
196 0.412
343072 0.332
81936 0.207
7420 0.468
196 0.239
270780 0.193
137808 0.26
9492 0.366
196 0.292
296796 0.257
127548 0.415
10732 0.323
196 0.412
296812 0.316
130568 0.323
12128 0.321
192 0.37
292124 0.355
12008 0.337
196 0.66
115240 0.316
175980 0.352
7924 0.343
104504 0.427
192 0.374
8312 0.511
192 0.272
159404 0.336
152064 0.369
5624 0.433
45860 0.373
176836 0.396
196 0.304
78440 0.325
196 0.288
7408 0.282
186848 0.327
220948 0.367
7036 0.267
196 0.36
194188 0.34
132016 0.308
7572 0.328
196 0.246
197156 0.352
92796 0.202
192 0.274
6736 0.373
194296 0.191
29208 0.256
5344 0.258
192 0.318
214652 0.294
7340 0.217
76868 0.388
219372 0.393
196 0.333
7748 0.34
130568 0.376
219020 0.405
200 0.359
198940 0.413
196 0.297
5628 0.308
55148 0.385
42964 0.245
200 0.255
5888 0.349
176668 0.248
5976 0.243
90624 0.265
200 0.32
191896 0.374
6520 0.251
84232 0.433
196 0.364
222908 0.368
84108 0.227
192 0.346
4292 0.361
227164 0.341
53824 0.344
4020 0.388
192 0.386
228480 0.283
192 0.324
3460 0.362
37772 0.277
211768 0.251
41516 0.269
243824 0.315
196 0.327
3516 0.339
3892 0.337
44288 0.301
194496 0.277
192 0.395
82060 0.319
227780 0.375
4260 0.295
192 0.308
4796 0.329
196 0.258
213844 0.155
196 0.366
5480 0.339
60340 0.36
225200 0.429
91476 0.34
7096 0.28
200 0.363
187976 0.342
7392 0.417
106552 0.23
196 0.234
213392 0.206
74096 0.376
5452 0.331
200 0.309
201772 0.283
6388 0.268
62388 0.289
196 0.315
228680 0.244
9980 0.318
126228 0.231
196 0.272
196968 0.276
196 0.313
9132 0.345
76868 0.341
263304 0.344
11588 0.332
153740 0.335
192 0.395
246156 0.334
217524 0.397
12824 0.269
122480 0.41
196 0.339
87132 0.284
6112 0.415
200 0.249
191880 0.309
178228 0.274
7764 0.32
192 0.395
185144 0.274
4608 0.325
196 0.352
215092 0.419
46588 0.488
52252 0.382
6052 0.434
196 0.308
199696 0.328
28488 0.329
192 0.393
3848 0.324
231704 0.282
4240 0.353
45012 0.152
192 0.404
204728 0.152
4028 0.321
192 0.262
190704 0.887
25464 0.593
192 0.276
3812 0.384
202160 0.537
47312 0.399
6340 0.271
196 0.263
162848 0.355
4636 0.295
24740 0.312
196 0.25
181600 0.319
192 0.263
5904 0.243
44416 0.483
164088 0.46
6124 0.26
196 0.354
90624 0.361
190864 0.361
171492 0.317
192 0.307
6312 0.273
42244 0.228
6196 0.401
192 0.325
100892 0.327
207724 0.357
68180 0.428
196 0.357
6408 0.281
205440 0.474
103064 0.311
7108 0.384
192 0.306
225012 0.409
65412 0.34
6556 0.341
196 0.458
196020 0.469
5580 0.379
57320 0.476
196 0.394
205924 0.477
71928 0.351
196 0.362
3780 0.402
204420 0.324
4152 0.416
200 0.301
209700 0.32
52976 0.204
35732 0.345
3776 0.335
226028 0.3
192 0.273
3708 0.265
192 0.298
37772 0.395
227332 0.43
6916 0.322
90032 0.669
227908 0.6
192 0.409
6260 0.289
192 0.343
45012 0.437
208980 0.44
88584 0.332
196 0.325
8044 0.394
223644 0.174
92796 0.315
192 0.405
9020 0.466
214852 0.252
99444 0.31
8132 0.374
196 0.406
217248 0.4
8572 0.371
108724 0.332
200 0.345
220348 0.258
205872 0.483
9696 0.447
200 0.25
220776 0.448
9616 0.425
196 0.416
152888 0.269
173780 0.293
200 0.276
7516 0.269
208772 0.434
233940 0.46
10600 0.454
192 0.306
118860 0.135
202152 0.145
102340 0.261
196 0.283
9460 0.277
227492 0.21
220224 0.325
192 0.24
8952 0.281
226512 0.252
476 0.212
163512 0.223
2552 0.233
196 0.223
232296 0.367
6944 0.336
33548 0.329
3840 0.191
196 0.359
194684 0.32
3268 0.25
200 0.192
183156 0.347
18224 0.32
24860 0.348
3420 0.379
192 0.262
203540 0.328
4664 0.214
192 0.296
194284 0.364
71076 0.281
5196 0.296
192 0.315
197328 0.29
84228 0.332
59492 0.343
4184 0.28
196 0.33
195996 0.329
21964 0.312
5364 0.274
196 0.213
218152 0.368
8000 0.344
196 0.37
203676 0.336
100036 0.336
7084 0.255
192 0.275
220368 0.367
89300 0.367
7796 0.333
200 0.312
114516 0.233
222216 0.28
5704 0.247
217716 0.467
192 0.276
53096 0.279
6188 0.368
46460 0.378
192 0.262
198544 0.373
44408 0.452
196 0.303
4004 0.269
206408 0.483
3492 0.279
15328 0.451
196 0.351
217676 0.45
3312 0.326
213144 0.473
15452 0.422
196 0.307
3324 0.368
22568 0.462
192 0.324
226388 0.42
196 0.33
4188 0.286
224468 0.453
17624 0.466
3904 0.301
21120 0.355
196 0.368
221624 0.372
5140 0.387
17624 0.39
192 0.424
220916 0.351
30532 0.354
4876 0.379
196 0.264
223816 0.325
32828 0.303
6104 0.393
196 0.396
230228 0.272
7552 0.302
192 0.445
203652 0.346
54424 0.365
200796 0.434
9068 0.433
196 0.381
219352 0.435
7160 0.4
186888 0.496
79040 0.504
192 0.277
7120 0.347
129120 0.366
196 0.316
201868 0.356
89900 0.351
6852 0.276
202412 0.362
196 0.374
6968 0.306
192 0.34
193224 0.267
114640 0.288
6728 0.382
196 0.342
199988 0.403
131292 0.407
146372 0.29
8364 0.335
192 0.329
209828 0.336
7988 0.297
192 0.329
219624 0.591
198588 0.578
102932 0.459
5924 0.327
200 0.295
199204 0.463
192 0.327
5560 0.333
31380 0.345
201500 0.303
5780 0.349
196 0.337
19672 0.458
188100 0.471
6012 0.336
175864 0.41
83508 0.385
192 0.311
136236 0.39
5444 0.338
192 0.269
201064 0.334
83508 0.418
196 0.268
5468 0.334
187744 0.425
9716 0.297
77592 0.384
196 0.257
190952 0.337
42964 0.275
192 0.267
4456 0.38
192424 0.341
196 0.294
4316 0.225
195960 0.38
24740 0.388
196 0.403
4044 0.294
185208 0.369
16176 0.354
3732 0.354
24016 0.458
192 0.281
193288 0.413
196 0.271
3448 0.361
10384 0.376
19672 0.205
3912 0.329
192 0.34
184624 0.194
200 0.299
203200 0.378
3168 0.271
6040 0.376
191576 0.424
57320 0.398
192 0.267
6296 0.333
87852 0.466
192 0.326
6276 0.299
156716 0.48
5300 0.364
229332 0.444
37048 0.353
200 0.395
115368 0.418
192 0.428
7340 0.349
210588 0.475
57444 0.473
196 0.335
5212 0.328
208392 0.474
5964 0.53
64560 0.416
196 0.409
190476 0.423
7708 0.295
67580 0.324
192 0.27
207972 0.295
196 0.353
7568 0.409
113792 0.291
194668 0.413
103784 0.504
192 0.338
7368 0.275
193388 0.439
5380 0.337
196 0.326
18948 0.331
220628 0.296
180704 0.397
7344 0.314
196 0.423
71204 0.356
42116 0.551
6556 0.357
196 0.363
199732 0.545
216948 0.492
24868 0.454
196 0.352
5172 0.452
84108 0.379
6368 0.359
196 0.349
183988 0.393
42968 0.427
4536 0.328
196 0.413
229340 0.37
5184 0.365
192 0.316
68904 0.328
185836 0.372
35728 0.32
4252 0.382
192 0.304
232988 0.451
5680 0.369
29084 0.377
196 0.27
216156 0.377
35728 0.376
4672 0.273
192 0.258
197676 0.332
192 0.27
3596 0.262
18224 0.361
219600 0.379
41520 0.412
4120 0.287
192 0.381
226500 0.429
4108 0.331
192 0.507
29808 0.441
234236 0.458
38624 0.415
4404 0.535
192 0.339
232608 0.421
4276 0.43
196 0.317
40668 0.326
240472 0.293
6072 0.396
196 0.343
42968 0.346
238032 0.39
55872 0.397
6080 0.31
196 0.313
262120 0.473
202976 0.458
9596 0.407
192 0.266
202832 0.459
4516 0.278
196 0.392
191228 0.507
27636 0.373
59620 0.545
6228 0.348
192 0.231
194044 0.516
6228 0.336
196 0.442
43564 0.356
206140 0.387
196 0.243
8752 0.321
185600 0.519
199368 0.468
208640 0.451
10396 0.401
187712 0.463
200 0.287
195280 0.378
89308 0.413
7300 0.336
192 0.316
8188 0.284
218592 0.309
108000 0.257
196 0.265
132024 0.391
8608 0.305
200 0.383
215884 0.378
6928 0.345
95692 0.281
192 0.343
207532 0.313
196 0.341
4840 0.362
226072 0.399
80616 0.381
5224 0.339
196 0.294
220932 0.398
56596 0.455
50212 0.408
4668 0.315
200 0.286
212544 0.356
3976 0.289
31256 0.413
196 0.294
211892 0.414
192 0.261
5316 0.336
214148 0.417
49488 0.442
4896 0.287
53700 0.396
196 0.313
201700 0.396
31388 0.357
5312 0.259
192 0.277
174564 0.334
5044 0.343
22568 0.345
196 0.42
205696 0.345
7328 0.289
196 0.38
218028 0.335
94376 0.34
7832 0.329
207616 0.409
105828 0.403
196 0.288
179084 0.352
196 0.382
9360 0.335
222396 0.337
8816 0.277
213080 0.337
115964 0.38
196 0.337
181980 0.354
8236 0.313
196 0.345
161476 0.372
192 0.311
7056 0.305
60216 0.394
181956 0.404
7152 0.326
196 0.279
161068 0.428
108132 0.353
8452 0.375
196 0.277
68904 0.321
215740 0.357
7316 0.297
112476 0.268
185548 0.34
196 0.352
198504 0.497
47316 0.366
4564 0.293
192 0.231
4912 0.354
203080 0.387
92932 0.471
196 0.363
4240 0.298
205496 0.341
45736 0.326
196 0.26
134200 0.275
196 0.343
6776 0.374
199180 0.304
192 0.364
5968 0.359
195940 0.414
84832 0.377
118272 0.44
196 0.285
7716 0.411
162688 0.426
196 0.383
5960 0.364
200556 0.157
45012 0.383
196 0.382
242268 0.284
97276 0.262
7160 0.253
196 0.285
155060 0.381
10932 0.383
181804 0.386
196 0.289
83520 0.461
7160 0.351
210916 0.367
7444 0.31
192 0.386
218856 0.458
87004 0.451
7604 0.31
196 0.273
122616 0.428
196188 0.38
7196 0.344
183292 0.371
133340 0.428
200 0.303
4368 0.237
206048 0.292
32116 0.374
196 0.312
50804 0.346
192 0.424
4628 0.35
201480 0.307
29944 0.33
196 0.323
3764 0.312
222664 0.321
26188 0.365
3584 0.407
225904 0.383
476 0.305
168920 0.396
4028 0.396
170964 0.417
46764 0.366
196 0.315
192 0.326
195472 0.333
71196 0.381
5896 0.355
5668 0.349
24016 0.408
196 0.48
129848 0.382
5160 0.32
192 0.301
204380 0.443
248580 0.456
6868 0.398
196 0.297
185008 0.414
31256 0.432
61060 0.479
7852 0.285
200 0.506
197276 0.522
7344 0.295
192 0.358
205428 0.387
45736 0.394
88572 0.351
9348 0.455
192 0.366
208648 0.425
9780 0.401
125376 0.473
200 0.433
181144 0.424
8816 0.318
170388 0.476
92192 0.504
192 0.295
5880 0.452
192 0.351
49356 0.606
147100 0.531
152284 0.479
192 0.38
6040 0.276
277984 0.483
11296 0.28
196 0.369
190380 0.454
139132 0.486
192 0.343
195396 0.443
84228 0.456
6004 0.342
39220 0.458
4008 0.301
192 0.435
2996 0.325
192 0.42
207064 0.514
4588 0.497
3864 0.449
196 0.392
14604 0.544
205220 0.52
18344 0.517
3552 0.374
192 0.337
177104 0.599
3076 0.386
196 0.462
185644 0.437
15328 0.484
196 0.368
25588 0.66
3456 0.386
171260 0.616
16776 0.648
192 0.332
2888 0.372
193304 0.621
3704 0.376
197664 0.598
17624 0.684
200 0.351
3484 0.386
30532 0.6
192 0.329
176912 0.525
4336 0.36
40068 0.504
192 0.468
175224 0.431
192 0.308
2940 0.358
247232 0.541
3020 0.459
97988 0.55
7112 0.347
196 0.377
179748 0.503
57320 0.453
5180 0.326
196 0.327
185920 0.464
193444 0.554
93644 0.477
5700 0.385
192 0.156
193956 0.554
4264 0.296
192 0.251
190488 0.582
13156 0.616
15452 0.528
4280 0.274
196 0.419
176928 0.573
6004 0.266
196 0.365
36324 0.527
165888 0.527
4488 0.247
22692 0.635
196 0.386
191364 0.581
8884 0.416
180416 0.465
447560 0.452
196 0.547
328224 0.488
192 0.328
9484 0.304
202396 0.392
7536 0.362
200860 0.464
97140 0.35
192 0.343
7556 0.452
89300 0.456
192 0.302
160176 0.382
45012 0.368
5896 0.362
192 0.305
193212 0.356
6592 0.309
110296 0.443
192 0.342
172500 0.531
70352 0.481
5904 0.33
196 0.381
196 0.323
188652 0.541
23416 0.487
4036 0.342
180188 0.499
24016 0.499
3180 0.333
196 0.386
167180 0.447
28484 0.395
3772 0.323
196 0.511
166176 0.504
29808 0.594
3352 0.326
192 0.421
180204 0.718
196 0.375
18948 0.663
3744 0.434
192 0.372
207176 0.708
215256 0.611
51652 0.597
4184 0.481
4032 0.419
192 0.316
208528 0.536
38496 0.536
31256 0.536
4600 0.383
192 0.397
214308 0.515
38620 0.476
4300 0.316
200 0.386
207580 0.475
4360 0.364
196 0.367
43564 0.469
209868 0.463
19796 0.455
4760 0.382
200 0.36
195632 0.473
7768 0.412
192 0.444
170688 0.403
57320 0.403
63960 0.533
5940 0.385
192 0.447
185868 0.481
230468 0.602
7116 0.376
196 0.425
215192 0.591
37048 0.583
10388 0.533
4380 0.402
196 0.386
225288 0.59
9344 0.485
108000 0.449
192 0.394
152564 0.539
196 0.263
92200 0.484
9092 0.525
183024 0.421
62516 0.531
8912 0.428
192 0.339
152584 0.551
56596 0.49
6704 0.354
135444 0.508
73376 0.592
196 0.286
192 0.362
5876 0.359
149148 0.497
5916 0.497
192 0.387
3572 0.319
165452 0.491
196 0.358
4188 0.288
185244 0.586
14604 0.586
3812 0.362
196 0.325
188188 0.552
14008 0.613
4484 0.377
17500 0.552
35004 0.523
3876 0.44
196 0.276
192 0.276
197132 0.544
169932 0.608
2684 0.321
192 0.335
185496 0.614
848 0.538
30532 0.585
4964 0.309
192 0.338
195868 0.522
192 0.346
4176 0.308
37900 0.559
202976 0.528
31980 0.585
4964 0.343
192 0.313
182060 0.569
5144 0.327
192 0.34
48760 0.518
201252 0.473
5328 0.325
192 0.366
200184 0.496
38496 0.479
188540 0.429
30660 0.424
196 0.377
5200 0.358
37048 0.443
5640 0.308
192 0.407
187920 0.461
5932 0.373
203612 0.583
62516 0.444
196 0.392
68180 0.422
5292 0.32
192 0.399
207808 0.515
5004 0.403
194652 0.451
25592 0.484
192 0.464
5552 0.369
43564 0.461
192 0.561
202920 0.458
16180 0.437
4876 0.43
192 0.487
227900 0.511
4368 0.385
17500 0.606
4576 0.493
192 0.386
224968 0.556
200852 0.468
20524 0.527
39220 0.421
5304 0.485
196 0.286
192 0.296
4084 0.377
193564 0.473
176964 0.492
27636 0.565
10388 0.504
3440 0.287
196 0.289
3080 0.296
192 0.31
200 0.279
190296 0.482
189192 0.535
8088 0.482
5916 0.47
196 0.356
2376 0.289
2512 0.306
195056 0.424
9536 0.424
196 0.396
192 0.312
2496 0.279
186892 0.397
206108 0.432
6772 0.397
2972 0.356
177652 0.431
9536 0.432
10392 0.394
2920 0.387
196 0.264
192 0.296
201032 0.526
14604 0.526
3168 0.281
192 0.256
181924 0.503
2876 0.253
6640 0.434
15460 0.421
4232 0.306
192 0.258
192 0.24
197308 0.43
179476 0.463
10984 0.463
3376 0.287
196 0.178
178896 0.47
6060 0.236
196 0.24
198308 0.462
32704 0.465
43696 0.472
192 0.338
5032 0.236
183432 0.479
4524 0.236
196 0.279
207120 0.52
49356 0.515
35732 0.51
5780 0.198
196 0.354
204564 0.482
5072 0.261
15328 0.45
196 0.322
200864 0.397
6324 0.333
192 0.421
19804 0.489
281796 0.449
196 0.288
6976 0.297
64560 0.479
5836 0.366
278140 0.554
39352 0.507
196 0.262
204972 0.544
53700 0.402
8940 0.356
150812 0.447
192 0.331
60348 0.439
7760 0.405
196 0.314
193428 0.438
7416 0.278
188 0.312
206272 0.568
223844 0.596
87136 0.63
196 0.393
5244 0.369
221464 0.627
5344 0.325
109448 0.644
192 0.354
225640 0.606
113200 0.579
4824 0.273
196 0.257
209976 0.467
5492 0.346
102208 0.488
196 0.296
214544 0.558
83516 0.617
5100 0.448
192 0.317
153936 0.611
83384 0.512
4928 0.283
196 0.379
197852 0.512
4592 0.254
192 0.379
97276 0.45
3720 0.338
196 0.361
93520 0.452
476 0.382
210608 0.517
196 0.352
3696 0.376
13460 0.486
225224 0.461
27032 0.498
6792 0.329
196 0.327
188932 0.497
21844 0.515
6204 0.322
200 0.454
197700 0.488
21964 0.584
6608 0.413
196 0.477
278404 0.588
54424 0.65
6868 0.516
196 0.35
173204 0.658
17620 0.511
4208 0.354
196 0.395
181044 0.502
3672 0.352
9536 0.491
192 0.347
203556 0.487
192 0.188
6728 0.417
38616 0.573
206916 0.495
7288 0.335
196 0.323
83508 0.514
195868 0.492
7068 0.248
49356 0.474
192 0.377
195516 0.478
6856 0.365
196 0.414
57444 0.556
188456 0.636
51652 0.514
189944 0.533
4616 0.397
188 0.331
192 0.32
4624 0.381
44288 0.552
180296 0.552
3340 0.338
200 0.324
27036 0.538
205600 0.57
16052 0.562
196 0.35
2608 0.34
262080 0.538
192 0.321
56720 0.484
8056 0.305
188460 0.477
47184 0.426
4992 0.422
196 0.385
195104 0.417
62512 0.521
5652 0.343
196 0.31
204272 0.465
5748 0.386
109448 0.472
196 0.233
261636 0.477
9568 0.287
187768 0.493
200 0.421
223552 0.48
10096 0.288
313744 0.531
237120 0.582
10620 0.402
196 0.416
227464 0.497
209080 0.523
166772 0.504
200 0.376
9060 0.474
216596 0.547
9100 0.377
193436 0.429
192 0.382
227344 0.482
151568 0.464
6692 0.405
192 0.439
175448 0.427
5604 0.402
99312 0.462
192 0.488
172352 0.443
82060 0.566
4264 0.43
200 0.471
174616 0.597
48032 0.695
3732 0.511
192 0.385
191384 0.621
3436 0.435
26188 0.621
192 0.397
198760 0.49
27764 0.553
3668 0.352
196 0.43
223736 0.513
3692 0.446
112344 0.534
196 0.433
257676 0.548
7104 0.439
192 0.449
113196 0.587
239208 0.614
66008 0.545
7148 0.525
196 0.442
215540 0.557
65412 0.518
6632 0.519
196 0.275
185312 0.612
7532 0.46
180400 0.513
192 0.306
229308 0.723
196 0.426
8156 0.314
326776 0.51
207320 0.525
7840 0.31
200800 0.587
196 0.314
187844 0.53
7192 0.382
196 0.373
91348 0.437
195600 0.432
161704 0.54
196 0.336
283092 0.504
194160 0.516
11480 0.45
200 0.34
212452 0.585
5568 0.354
139984 0.602
196 0.362
236004 0.534
9272 0.398
196 0.401
383124 0.539
173260 0.536
7360 0.354
196 0.46
134192 0.525
198696 0.566
7220 0.479
196 0.37
166644 0.517
177268 0.511
6440 0.429
219628 0.502
240088 0.494
192 0.423
10340 0.43
235428 0.47
192 0.325
217236 0.446
117540 0.448
6596 0.402
196 0.425
230412 0.47
99312 0.443
7488 0.337
192 0.469
223392 0.504
129848 0.465
5672 0.393
196 0.333
214000 0.539
6020 0.439
89176 0.554
196 0.429
223308 0.511
74824 0.473
5276 0.429
196 0.369
298168 0.597
5952 0.413
65284 0.486
196 0.361
242272 0.527
7940 0.401
137092 0.53
200 0.474
342208 0.512
128996 0.543
10660 0.563
200 0.363
203500 0.558
122612 0.527
8072 0.518
196 0.392
274016 0.501
9468 0.363
206468 0.558
196 0.522
279824 0.598
11004 0.472
196 0.526
157364 0.491
246864 0.466
192 0.358
8160 0.534
128996 0.701
227184 0.71
8148 0.383
101616 0.541
192 0.316
281208 0.479
8684 0.308
196 0.293
96416 0.472
261700 0.513
213836 0.418
10068 0.288
319912 0.572
196 0.358
11916 0.304
176056 0.497
200 0.398
243212 0.503
307232 0.597
11484 0.306
196 0.342
246428 0.75
9116 0.339
99312 0.54
196 0.407
178188 0.512
52380 0.514
5868 0.396
192 0.318
230276 0.451
9832 0.359
120308 0.509
196 0.445
150008 0.51
7792 0.322
200 0.415
110304 0.582
169872 0.578
7856 0.363
66008 0.559
216424 0.523
196 0.39
118268 0.612
7592 0.22
196 0.416
177372 0.551
36324 0.523
5224 0.369
196 0.384
210388 0.483
33560 0.527
196 0.389
5144 0.445
181156 0.497
46460 0.56
4960 0.414
200 0.344
230360 0.57
192 0.369
5716 0.324
31388 0.63
229184 0.68
5548 0.418
31980 0.667
196 0.477
179652 0.653
3928 0.423
192 0.458
32836 0.552
208944 0.515
4132 0.408
31256 0.53
196 0.405
203228 0.563
31388 0.511
192 0.394
4336 0.412
255468 0.538
4788 0.408
51528 0.514
192 0.363
268980 0.508
7672 0.324
196 0.388
62520 0.51
235880 0.519
93520 0.523
6916 0.382
192 0.383
227172 0.554
100168 0.49
5960 0.419
192 0.448
226704 0.571
196 0.375
7232 0.395
45012 0.539
231524 0.608
8404 0.463
136368 0.431
196 0.452
168632 0.451
8080 0.363
196 0.467
212260 0.701
192920 0.577
145784 0.626
8864 0.359
192 0.417
199140 0.547
77724 0.618
6632 0.454
200 0.316
188876 0.555
5804 0.466
56004 0.554
196 0.363
187348 0.614
4844 0.295
51660 0.577
196 0.316
189344 0.552
4660 0.413
51528 0.598
192 0.307
221908 0.552
6204 0.345
192 0.422
82068 0.487
178460 0.542
5632 0.394
65284 0.487
196 0.408
210224 0.461
60348 0.434
196 0.409
4920 0.449
236692 0.573
5140 0.379
43564 0.486
196 0.395
270820 0.472
6260 0.391
196 0.45
76280 0.538
254744 0.568
196 0.424
81936 0.588
5844 0.375
287484 0.566
7940 0.368
124064 0.47
196 0.381
204416 0.533
160852 0.497
6060 0.454
196 0.358
231496 0.574
141440 0.56
7160 0.376
196 0.309
205004 0.613
8492 0.334
231084 0.592
196 0.35
227420 0.551
8976 0.316
192124 0.521
192 0.45
240392 0.59
116824 0.459
8544 0.319
192 0.36
246128 0.537
8940 0.42
192 0.429
90624 0.526
192636 0.516
6708 0.406
196 0.407
111032 0.503
6784 0.39
117412 0.48
196 0.423
211896 0.456
61076 0.469
4804 0.439
192 0.431
205320 0.452
192 0.342
4616 0.367
37772 0.522
316440 0.51
62524 0.544
196 0.369
6540 0.423
342464 0.542
7096 0.337
87004 0.553
196 0.395
348312 0.542
9496 0.393
196 0.464
119724 0.466
246516 0.547
284072 0.538
178300 0.576
196 0.442
11876 0.315
7544 0.387
170264 0.535
200 0.36
203180 0.527
9892 0.329
134928 0.563
196 0.355
201456 0.599
63112 0.464
7980 0.315
196 0.308
191752 0.464
71212 0.609
7204 0.415
196 0.464
191320 0.578
5344 0.358
61664 0.612
196 0.441
209424 0.593
5780 0.36
196 0.394
52388 0.529
232180 0.486
7508 0.447
42840 0.569
177720 0.557
