325380 0.22 1 25 10
476 0.284 1 25 10
4500 0.274 1 25 10
196 0.204 1 25 10
42420 0.209 1 25 10
221944 0.244 1 25 10
42960 0.236 1 25 10
6384 0.245 1 25 10
192 0.228 1 25 10
177888 0.19 1 25 10
196 0.31 1 25 10
17500 0.275 1 25 10
3688 0.201 1 25 10
322008 0.274 1 25 10
150840 0.233 1 25 10
12028 0.269 1 25 10
192 0.358 1 25 10
171168 0.259 1 25 10
149268 0.387 1 25 10
196 0.194 1 25 10
8768 0.281 1 25 10
244120 0.356 1 25 10
192 0.249 1 25 10
11304 0.359 1 25 10
334736 0.177 1 25 10
171288 0.278 1 25 10
302760 0.279 1 25 10
196 0.266 1 25 10
8532 0.214 1 25 10
206528 0.342 1 25 10
158080 0.303 1 25 10
196 0.384 1 25 10
9324 0.263 1 25 10
196456 0.303 1 25 10
229316 0.269 1 25 10
9572 0.209 1 25 10
196 0.287 1 25 10
215156 0.24 1 25 10
261736 0.351 1 25 10
196 0.305 1 25 10
8864 0.353 1 25 10
151564 0.299 1 25 10
165348 0.332 1 25 10
10800 0.284 1 25 10
192 0.505 1 25 10
185592 0.322 1 25 10
196 0.345 1 25 10
6564 0.263 1 25 10
149992 0.296 1 25 10
247900 0.32 1 25 10
9320 0.45 1 25 10
196 0.272 1 25 10
216724 0.223 1 25 10
236788 0.193 1 25 10
140468 0.305 1 25 10
8592 0.299 1 25 10
126100 0.286 1 25 10
196 0.252 1 25 10
3992 0.271 1 25 10
58892 0.281 1 25 10
196 0.253 1 25 10
222924 0.241 1 25 10
179312 0.306 1 25 10
68180 0.292 1 25 10
4384 0.272 1 25 10
196 0.205 1 25 10
202232 0.299 1 25 10
55996 0.299 1 25 10
4436 0.246 1 25 10
192 0.304 1 25 10
110896 0.392 1 25 10
4912 0.205 1 25 10
196 0.21 1 25 10
195728 0.396 1 25 10
256972 0.315 1 25 10
58168 0.317 1 25 10
5664 0.273 1 25 10
192 0.163 1 25 10
57320 0.217 1 25 10
4300 0.212 1 25 10
192 0.233 1 25 10
192476 0.252 1 25 10
74096 0.269 1 25 10
5348 0.15 1 25 10
192 0.387 1 25 10
181124 0.299 1 25 10
4796 0.282 1 25 10
196 0.341 1 25 10
84108 0.684 1 25 10
185612 0.684 1 25 10
4368 0.301 1 25 10
196 0.285 1 25 10
227936 0.276 1 25 10
110296 0.248 1 25 10
5008 0.299 1 25 10
221924 0.279 1 25 10
196 0.397 1 25 10
62388 0.324 1 25 10
196 0.314 1 25 10
153012 0.385 1 25 10
9132 0.351 1 25 10
163828 0.397 1 25 10
5624 0.404 1 25 10
257224 0.374 1 25 10
38496 0.37 1 25 10
196 0.23 1 25 10
9588 0.308 1 25 10
107400 0.333 1 25 10
192 0.446 1 25 10
212964 0.352 1 25 10
48632 0.239 1 25 10
5344 0.245 1 25 10
192 0.288 1 25 10
219580 0.239 1 25 10
196 0.434 1 25 10
97264 0.323 1 25 10
8312 0.501 1 25 10
193500 0.305 1 25 10
7084 0.28 1 25 10
200 0.239 1 25 10
103656 0.311 1 25 10
207840 0.311 1 25 10
93644 0.311 1 25 10
196 0.376 1 25 10
7336 0.336 1 25 10
202892 0.265 1 25 10
6800 0.203 1 25 10
74696 0.291 1 25 10
192 0.334 1 25 10
8148 0.363 1 25 10
205868 0.472 1 25 10
200 0.295 1 25 10
235528 0.404 1 25 10
122480 0.27 1 25 10
192 0.367 1 25 10
214836 0.314 1 25 10
8568 0.312 1 25 10
9056 0.319 1 25 10
357184 0.25 1 25 10
212516 0.222 1 25 10
192 0.334 1 25 10
6920 0.367 1 25 10
77592 0.278 1 25 10
196 0.417 1 25 10
206588 0.243 1 25 10
300712 0.328 1 25 10
5568 0.334 1 25 10
196 0.325 1 25 10
227172 0.434 1 25 10
241944 0.379 1 25 10
196 0.25 1 25 10
6760 0.422 1 25 10
206124 0.401 1 25 10
71200 0.344 1 25 10
5432 0.24 1 25 10
192672 0.294 1 25 10
154336 0.358 1 25 10
6104 0.241 1 25 10
192 0.23 1 25 10
259136 0.307 1 25 10
102336 0.267 1 25 10
6452 0.12 1 25 10
196 0.238 1 25 10
242844 0.208 1 25 10
5912 0.205 1 25 10
196 0.428 1 25 10
75420 0.279 1 25 10
180180 0.402 1 25 10
4224 0.365 1 25 10
58168 0.325 1 25 10
196 0.346 1 25 10
179968 0.31 1 25 10
5356 0.33 1 25 10
82064 0.306 1 25 10
196 0.476 1 25 10
264968 0.277 1 25 10
6136 0.328 1 25 10
260440 0.421 1 25 10
196 0.287 1 25 10
77592 0.408 1 25 10
6032 0.461 1 25 10
196 0.305 1 25 10
69756 0.412 1 25 10
205608 0.374 1 25 10
108724 0.311 1 25 10
266640 0.269 1 25 10
196 0.3 1 25 10
6540 0.294 1 25 10
89304 0.346 1 25 10
9660 0.324 1 25 10
196 0.314 1 25 10
190256 0.336 1 25 10
7460 0.224 1 25 10
227636 0.29 1 25 10
114516 0.24 1 25 10
192 0.238 1 25 10
218176 0.208 1 25 10
9684 0.27 1 25 10
192 0.295 1 25 10
198756 0.23 1 25 10
9852 0.222 1 25 10
192 0.302 1 25 10
144640 0.341 1 25 10
232532 0.359 1 25 10
42968 0.319 1 25 10
200 0.272 1 25 10
5220 0.324 1 25 10
234248 0.443 1 25 10
191988 0.308 1 25 10
224868 0.308 1 25 10
8956 0.282 1 25 10
200 0.217 1 25 10
196 0.336 1 25 10
7272 0.257 1 25 10
134192 0.349 1 25 10
195640 0.321 1 25 10
7600 0.253 1 25 10
94244 0.338 1 25 10
192 0.364 1 25 10
214104 0.432 1 25 10
7140 0.429 1 25 10
222156 0.365 1 25 10
86408 0.368 1 25 10
196 0.393 1 25 10
77592 0.312 1 25 10
200 0.261 1 25 10
7204 0.294 1 25 10
192572 0.312 1 25 10
101612 0.433 1 25 10
196 0.314 1 25 10
5124 0.317 1 25 10
171512 0.433 1 25 10
94244 0.204 1 25 10
196 0.221 1 25 10
4876 0.352 1 25 10
205504 0.18 1 25 10
2700 0.283 1 25 10
183248 0.265 1 25 10
8216 0.277 1 25 10
192 0.217 1 25 10
4116 0.245 1 25 10
29084 0.253 1 25 10
192 0.208 1 25 10
194992 0.228 1 25 10
2976 0.249 1 25 10
8216 0.228 1 25 10
200 0.334 1 25 10
212984 0.202 1 25 10
203288 0.329 1 25 10
4184 0.201 1 25 10
70352 0.329 1 25 10
196 0.301 1 25 10
215920 0.306 1 25 10
4120 0.275 1 25 10
32832 0.299 1 25 10
196 0.272 1 25 10
5828 0.278 1 25 10
98588 0.245 1 25 10
196 0.323 1 25 10
200632 0.249 1 25 10
122612 0.281 1 25 10
5632 0.217 1 25 10
196 0.411 1 25 10
277516 0.281 1 25 10
122480 0.532 1 25 10
9048 0.278 1 25 10
196 0.267 1 25 10
192064 0.444 1 25 10
160260 0.317 1 25 10
192 0.234 1 25 10
6892 0.415 1 25 10
196788 0.273 1 25 10
102208 0.289 1 25 10
8284 0.235 1 25 10
196 0.232 1 25 10
216888 0.248 1 25 10
286960 0.28 1 25 10
192 0.316 1 25 10
11804 0.216 1 25 10
178820 0.316 1 25 10
196 0.379 1 25 10
7680 0.24 1 25 10
290108 0.287 1 25 10
117412 0.263 1 25 10
200 0.279 1 25 10
13280 0.371 1 25 10
184876 0.355 1 25 10
259160 0.339 1 25 10
13876 0.381 1 25 10
200 0.386 1 25 10
144200 0.347 1 25 10
259184 0.321 1 25 10
75552 0.358 1 25 10
200 0.287 1 25 10
9844 0.375 1 25 10
234720 0.384 1 25 10
10188 0.367 1 25 10
288064 0.345 1 25 10
85556 0.286 1 25 10
196 0.297 1 25 10
53832 0.238 1 25 10
8104 0.229 1 25 10
196 0.3 1 25 10
245952 0.217 1 25 10
60216 0.176 1 25 10
196 0.293 1 25 10
7364 0.252 1 25 10
282504 0.191 1 25 10
50936 0.232 1 25 10
7400 0.252 1 25 10
196 0.27 1 25 10
275960 0.232 1 25 10
269308 0.379 1 25 10
45012 0.453 1 25 10
7296 0.266 1 25 10
192 0.312 1 25 10
32112 0.3 1 25 10
6264 0.331 1 25 10
192 0.318 1 25 10
234560 0.261 1 25 10
196 0.333 1 25 10
4668 0.319 1 25 10
292860 0.305 1 25 10
30532 0.329 1 25 10
71932 0.295 1 25 10
200 0.312 1 25 10
8712 0.272 1 25 10
219640 0.351 1 25 10
51528 0.35 1 25 10
192 0.274 1 25 10
6724 0.3 1 25 10
254868 0.385 1 25 10
54556 0.379 1 25 10
192 0.292 1 25 10
9228 0.321 1 25 10
264196 0.325 1 25 10
192 0.269 1 25 10
10628 0.306 1 25 10
86280 0.33 1 25 10
280716 0.351 1 25 10
107408 0.326 1 25 10
196 0.315 1 25 10
206016 0.36 1 25 10
12304 0.344 1 25 10
9948 0.31 1 25 10
66732 0.286 1 25 10
196 0.31 1 25 10
260512 0.312 1 25 10
11836 0.296 1 25 10
119716 0.32 1 25 10
276996 0.283 1 25 10
200 0.404 1 25 10
125376 0.392 1 25 10
13140 0.325 1 25 10
194492 0.347 1 25 10
196 0.415 1 25 10
196 0.351 1 25 10
67588 0.344 1 25 10
9508 0.447 1 25 10
201736 0.294 1 25 10
172436 0.337 1 25 10
7980 0.345 1 25 10
222956 0.307 1 25 10
196 0.342 1 25 10
49488 0.214 1 25 10
196 0.335 1 25 10
6768 0.303 1 25 10
208216 0.214 1 25 10
37048 0.195 1 25 10
6256 0.392 1 25 10
192 0.308 1 25 10
195472 0.292 1 25 10
6248 0.308 1 25 10
62520 0.244 1 25 10
192 0.306 1 25 10
168232 0.287 1 25 10
6028 0.289 1 25 10
200 0.339 1 25 10
153264 0.202 1 25 10
69036 0.261 1 25 10
209364 0.349 1 25 10
7172 0.306 1 25 10
192 0.22 1 25 10
211256 0.372 1 25 10
196 0.258 1 25 10
9120 0.31 1 25 10
109584 0.296 1 25 10
182820 0.347 1 25 10
245128 0.26 1 25 10
196 0.29 1 25 10
7660 0.248 1 25 10
155196 0.262 1 25 10
192 0.364 1 25 10
10216 0.33 1 25 10
148544 0.223 1 25 10
213112 0.196 1 25 10
96552 0.205 1 25 10
196 0.392 1 25 10
4664 0.337 1 25 10
190932 0.203 1 25 10
91348 0.157 1 25 10
5836 0.365 1 25 10
192 0.314 1 25 10
226028 0.212 1 25 10
131304 0.345 1 25 10
6120 0.393 1 25 10
192 0.316 1 25 10
151052 0.256 1 25 10
81212 0.209 1 25 10
4036 0.314 1 25 10
196 0.418 1 25 10
202676 0.186 1 25 10
3576 0.299 1 25 10
192 0.352 1 25 10
218692 0.221 1 25 10
29940 0.254 1 25 10
57320 0.302 1 25 10
4260 0.401 1 25 10
192 0.272 1 25 10
230424 0.284 1 25 10
66144 0.212 1 25 10
4792 0.335 1 25 10
220824 0.189 1 25 10
472 0.237 2 12 30
187916 0.301 2 12 30
196 0.232 2 12 30
3880 0.292 2 12 30
58348 0.312 2 12 30
241948 0.331 2 12 30
196 0.213 2 12 30
118256 0.254 2 12 30
7336 0.225 2 12 30
186008 0.311 2 12 30
5628 0.23 2 12 30
92796 0.215 2 12 30
196 0.283 2 12 30
185252 0.239 2 12 30
92920 0.332 2 12 30
6656 0.194 2 12 30
196 0.268 2 12 30
230660 0.383 2 12 30
166644 0.288 2 12 30
8716 0.282 2 12 30
196 0.307 2 12 30
211108 0.255 2 12 30
66128 0.285 2 12 30
7520 0.33 2 12 30
196 0.293 2 12 30
260560 0.325 2 12 30
10384 0.277 2 12 30
196 0.379 2 12 30
275248 0.275 2 12 30
235752 0.311 2 12 30
10568 0.404 2 12 30
200 0.224 2 12 30
237720 0.249 2 12 30
214456 0.328 2 12 30
194516 0.346 2 12 30
3724 0.424 2 12 30
196 0.279 2 12 30
42960 0.286 2 12 30
194484 0.36 2 12 30
4184 0.228 2 12 30
192 0.439 2 12 30
24740 0.279 2 12 30
180652 0.28 2 12 30
17620 0.257 2 12 30
4212 0.216 2 12 30
200 0.361 2 12 30
172340 0.321 2 12 30
9536 0.354 2 12 30
196 0.293 2 12 30
3880 0.242 2 12 30
174988 0.304 2 12 30
61784 0.302 2 12 30
3860 0.369 2 12 30
196 0.312 2 12 30
167416 0.265 2 12 30
36324 0.258 2 12 30
196 0.366 2 12 30
5200 0.275 2 12 30
213528 0.307 2 12 30
5312 0.269 2 12 30
2744 0.266 2 12 30
196 0.244 2 12 30
200176 0.296 2 12 30
41392 0.33 2 12 30
5088 0.349 2 12 30
192 0.286 2 12 30
187328 0.285 2 12 30
20516 0.357 2 12 30
4252 0.278 2 12 30
192 0.295 2 12 30
217412 0.401 2 12 30
21844 0.342 2 12 30
3884 0.297 2 12 30
196 0.245 2 12 30
212504 0.377 2 12 30
16896 0.362 2 12 30
196 0.194 2 12 30
3808 0.263 2 12 30
202472 0.383 2 12 30
58768 0.383 2 12 30
4052 0.258 2 12 30
192 0.207 2 12 30
180848 0.327 2 12 30
3428 0.217 2 12 30
196 0.244 2 12 30
39340 0.252 2 12 30
191324 0.298 2 12 30
79764 0.359 2 12 30
4688 0.207 2 12 30
192 0.326 2 12 30
189208 0.359 2 12 30
75540 0.356 2 12 30
4416 0.253 2 12 30
196 0.36 2 12 30
200416 0.345 2 12 30
50200 0.323 2 12 30
120216 0.434 2 12 30
5232 0.28 2 12 30
196 0.285 2 12 30
117412 0.325 2 12 30
5968 0.333 2 12 30
196 0.237 2 12 30
191872 0.305 2 12 30
196 0.264 2 12 30
4916 0.354 2 12 30
104504 0.337 2 12 30
239956 0.262 2 12 30
196 0.367 2 12 30
4144 0.228 2 12 30
10984 0.212 2 12 30
221672 0.246 2 12 30
7012 0.248 2 12 30
196 0.319 2 12 30
111020 0.322 2 12 30
258068 0.286 2 12 30
4104 0.278 2 12 30
229108 0.299 2 12 30
54424 0.299 2 12 30
45136 0.299 2 12 30
4612 0.369 2 12 30
192 0.312 2 12 30
192 0.286 2 12 30
282476 0.692 2 12 30
30532 0.692 2 12 30
192 0.426 2 12 30
4504 0.303 2 12 30
279908 0.609 2 12 30
33552 0.539 2 12 30
5200 0.286 2 12 30
196 0.458 2 12 30
225372 0.517 2 12 30
58768 0.488 2 12 30
196 0.392 2 12 30
7980 0.312 2 12 30
183268 0.473 2 12 30
113916 0.286 2 12 30
6124 0.422 2 12 30
196 0.26 2 12 30
223668 0.299 2 12 30
92072 0.262 2 12 30
5716 0.395 2 12 30
192 0.399 2 12 30
216936 0.131 2 12 30
150116 0.22 2 12 30
6376 0.293 2 12 30
192 0.313 2 12 30
203092 0.368 2 12 30
110172 0.247 2 12 30
192 0.4 2 12 30
6508 0.304 2 12 30
116812 0.311 2 12 30
218724 0.201 2 12 30
251404 0.317 2 12 30
196 0.508 2 12 30
5968 0.407 2 12 30
196 0.378 2 12 30
7444 0.33 2 12 30
177504 0.664 2 12 30
227044 0.608 2 12 30
8440 0.595 2 12 30
192 0.345 2 12 30
211656 0.401 2 12 30
177148 0.374 2 12 30
9980 0.477 2 12 30
299864 0.369 2 12 30
196 0.353 2 12 30
132152 0.325 2 12 30
305780 0.19 2 12 30
231096 0.27 2 12 30
7872 0.299 2 12 30
200 0.294 2 12 30
196 0.297 2 12 30
6888 0.304 2 12 30
67456 0.266 2 12 30
201708 0.234 2 12 30
10076 0.351 2 12 30
200 0.333 2 12 30
411484 0.302 2 12 30
207556 0.295 2 12 30
7816 0.327 2 12 30
192 0.272 2 12 30
79040 0.401 2 12 30
192848 0.421 2 12 30
66856 0.286 2 12 30
7196 0.312 2 12 30
200 0.22 2 12 30
36324 0.336 2 12 30
196 0.358 2 12 30
6588 0.353 2 12 30
241444 0.318 2 12 30
73372 0.237 2 12 30
196 0.256 2 12 30
6292 0.231 2 12 30
189704 0.243 2 12 30
124652 0.255 2 12 30
192 0.262 2 12 30
8240 0.198 2 12 30
214788 0.225 2 12 30
68304 0.287 2 12 30
196 0.277 2 12 30
5996 0.288 2 12 30
148084 0.344 2 12 30
60216 0.297 2 12 30
160232 0.285 2 12 30
196 0.268 2 12 30
3868 0.205 2 12 30
3768 0.232 2 12 30
196 0.303 2 12 30
42240 0.263 2 12 30
192 0.354 2 12 30
157280 0.336 2 12 30
3616 0.279 2 12 30
29084 0.343 2 12 30
172432 0.343 2 12 30
196 0.327 2 12 30
3004 0.325 2 12 30
54548 0.405 2 12 30
183476 0.405 2 12 30
196 0.224 2 12 30
4116 0.335 2 12 30
42116 0.405 2 12 30
189896 0.406 2 12 30
4036 0.337 2 12 30
196 0.287 2 12 30
50204 0.356 2 12 30
210972 0.328 2 12 30
192 0.347 2 12 30
5004 0.275 2 12 30
70352 0.333 2 12 30
228208 0.367 2 12 30
153016 0.369 2 12 30
259176 0.309 2 12 30
192 0.237 2 12 30
4684 0.315 2 12 30
7828 0.279 2 12 30
196 0.293 2 12 30
257872 0.254 2 12 30
230472 0.269 2 12 30
239896 0.363 2 12 30
9532 0.362 2 12 30
192 0.235 2 12 30
213388 0.402 2 12 30
84108 0.247 2 12 30
200 0.299 2 12 30
8172 0.305 2 12 30
155352 0.225 2 12 30
79164 0.361 2 12 30
7448 0.311 2 12 30
192 0.256 2 12 30
189360 0.401 2 12 30
149992 0.26 2 12 30
7688 0.208 2 12 30
196 0.321 2 12 30
142380 0.266 2 12 30
5712 0.278 2 12 30
192 0.5 2 12 30
64688 0.254 2 12 30
234680 0.227 2 12 30
7620 0.256 2 12 30
196 0.293 2 12 30
243520 0.37 2 12 30
196 0.44 2 12 30
10528 0.709 2 12 30
163152 0.476 2 12 30
10420 0.399 2 12 30
196 0.391 2 12 30
161576 0.433 2 12 30
142800 0.453 2 12 30
196 0.375 2 12 30
257996 0.507 2 12 30
10132 0.282 2 12 30
227568 0.416 2 12 30
196 0.287 2 12 30
10984 0.399 2 12 30
3660 0.448 2 12 30
242476 0.394 2 12 30
189868 0.397 2 12 30
196 0.27 2 12 30
105232 0.448 2 12 30
7940 0.375 2 12 30
191992 0.474 2 12 30
56596 0.474 2 12 30
196 0.307 2 12 30
5716 0.346 2 12 30
206008 0.44 2 12 30
35728 0.4 2 12 30
196 0.238 2 12 30
4052 0.27 2 12 30
211116 0.343 2 12 30
40668 0.369 2 12 30
196 0.351 2 12 30
4040 0.27 2 12 30
192848 0.332 2 12 30
39348 0.358 2 12 30
192 0.408 2 12 30
4228 0.321 2 12 30
166088 0.356 2 12 30
4516 0.238 2 12 30
31256 0.385 2 12 30
196 0.386 2 12 30
179312 0.331 2 12 30
35004 0.4 2 12 30
196 0.426 2 12 30
5080 0.261 2 12 30
190184 0.342 2 12 30
40668 0.348 2 12 30
196 0.263 2 12 30
4764 0.364 2 12 30
209836 0.402 2 12 30
41520 0.316 2 12 30
196 0.248 2 12 30
5836 0.436 2 12 30
212804 0.368 2 12 30
84108 0.251 2 12 30
196 0.304 2 12 30
208628 0.337 2 12 30
6492 0.422 2 12 30
7408 0.414 2 12 30
74824 0.399 2 12 30
196 0.355 2 12 30
228104 0.422 2 12 30
6880 0.325 2 12 30
73248 0.437 2 12 30
232444 0.429 2 12 30
200 0.275 2 12 30
9256 0.295 2 12 30
157360 0.329 2 12 30
174280 0.28 2 12 30
200 0.392 2 12 30
9984 0.278 2 12 30
118860 0.392 2 12 30
155984 0.411 2 12 30
196 0.344 2 12 30
10548 0.288 2 12 30
196 0.258 2 12 30
7860 0.28 2 12 30
196 0.299 2 12 30
196 0.305 2 12 30
5540 0.35 2 12 30
229208 0.422 2 12 30
10264 0.42 2 12 30
196 0.404 2 12 30
196 0.391 2 12 30
9876 0.263 2 12 30
8712 0.353 2 12 30
192 0.281 2 12 30
196 0.308 2 12 30
5916 0.332 2 12 30
192 0.379 2 12 30
6308 0.373 2 12 30
196 0.341 2 12 30
5240 0.354 2 12 30
6820 0.331 2 12 30
196 0.35 2 12 30
6400 0.345 2 12 30
196 0.266 2 12 30
196 0.383 2 12 30
4228 0.399 2 12 30
5812 0.336 2 12 30
196 0.364 2 12 30
196 0.353 2 12 30
4756 0.308 2 12 30
204824 0.244 2 12 30
206336 0.428 2 12 30
196 0.34 2 12 30
6132 0.234 2 12 30
192 0.263 2 12 30
6328 0.34 2 12 30
200 0.37 2 12 30
5868 0.36 2 12 30
196 0.265 2 12 30
8088 0.313 2 12 30
5452 0.27 2 12 30
192 0.341 2 12 30
196 0.333 2 12 30
5916 0.264 2 12 30
170764 0.434 2 12 30
10732 0.312 2 12 30
196 0.344 2 12 30
7104 0.236 2 12 30
42116 0.42 2 12 30
196 0.419 2 12 30
6860 0.338 2 12 30
82792 0.293 2 12 30
181936 0.233 3 18 60
476 0.373 3 18 60
9840 0.283 3 18 60
2956 0.246 3 18 60
196 0.326 3 18 60
200268 0.298 3 18 60
3496 0.35 3 18 60
196 0.256 3 18 60
316800 0.265 3 18 60
16172 0.263 3 18 60
96416 0.317 3 18 60
7168 0.354 3 18 60
200 0.419 3 18 60
187152 0.317 3 18 60
196 0.352 3 18 60
63232 0.45 3 18 60
7040 0.27 3 18 60
184276 0.426 3 18 60
78316 0.29 3 18 60
5644 0.377 3 18 60
196 0.395 3 18 60
233404 0.325 3 18 60
7940 0.363 3 18 60
192 0.293 3 18 60
88572 0.36 3 18 60
204836 0.363 3 18 60
6616 0.343 3 18 60
196 0.321 3 18 60
191224 0.387 3 18 60
56596 0.387 3 18 60
7552 0.348 3 18 60
192 0.295 3 18 60
69748 0.337 3 18 60
202064 0.481 3 18 60
7644 0.311 3 18 60
243452 0.686 3 18 60
196 0.277 3 18 60
52976 0.476 3 18 60
11304 0.263 3 18 60
206588 0.46 3 18 60
192 0.336 3 18 60
210200 0.361 3 18 60
8532 0.303 3 18 60
91348 0.301 3 18 60
192 0.375 3 18 60
205604 0.271 3 18 60
189236 0.356 3 18 60
8052 0.322 3 18 60
102332 0.244 3 18 60
192 0.249 3 18 60
7336 0.327 3 18 60
217328 0.423 3 18 60
196 0.219 3 18 60
185548 0.36 3 18 60
5340 0.231 3 18 60
9656 0.32 3 18 60
196 0.39 3 18 60
156104 0.318 3 18 60
192 0.328 3 18 60
8224 0.204 3 18 60
203508 0.105 3 18 60
200 0.248 3 18 60
261608 0.325 3 18 60
11000 0.328 3 18 60
273504 0.28 3 18 60
273076 0.226 3 18 60
13084 0.273 3 18 60
196 0.236 3 18 60
267428 0.303 3 18 60
13408 0.287 3 18 60
175452 0.266 3 18 60
192 0.316 3 18 60
169704 0.266 3 18 60
86280 0.299 3 18 60
196 0.437 3 18 60
6480 0.233 3 18 60
189672 0.338 3 18 60
69748 0.445 3 18 60
6640 0.362 3 18 60
196 0.348 3 18 60
211492 0.496 3 18 60
8124 0.45 3 18 60
87728 0.375 3 18 60
200 0.3 3 18 60
221516 0.321 3 18 60
9136 0.343 3 18 60
168212 0.332 3 18 60
196 0.306 3 18 60
190384 0.287 3 18 60
192 0.32 3 18 60
6068 0.375 3 18 60
94244 0.421 3 18 60
189040 0.402 3 18 60
6700 0.273 3 18 60
66852 0.417 3 18 60
185808 0.361 3 18 60
196 0.281 3 18 60
6556 0.291 3 18 60
189212 0.284 3 18 60
173704 0.321 3 18 60
192 0.316 3 18 60
5612 0.257 3 18 60
96416 0.331 3 18 60
198400 0.315 3 18 60
192 0.276 3 18 60
4020 0.327 3 18 60
196 0.392 3 18 60
62508 0.381 3 18 60
248968 0.375 3 18 60
211364 0.371 3 18 60
5180 0.416 3 18 60
196 0.48 3 18 60
47908 0.424 3 18 60
4900 0.439 3 18 60
192 0.317 3 18 60
42964 0.388 3 18 60
191228 0.339 3 18 60
2760 0.419 3 18 60
46460 0.307 3 18 60
192 0.27 3 18 60
167860 0.342 3 18 60
3700 0.323 3 18 60
66132 0.335 3 18 60
196 0.412 3 18 60
343072 0.332 3 18 60
81936 0.207 3 18 60
7420 0.468 3 18 60
196 0.239 3 18 60
270780 0.193 3 18 60
137808 0.26 3 18 60
9492 0.366 3 18 60
196 0.292 3 18 60
296796 0.257 3 18 60
127548 0.415 3 18 60
10732 0.323 3 18 60
196 0.412 3 18 60
296812 0.316 3 18 60
130568 0.323 3 18 60
12128 0.321 3 18 60
192 0.37 3 18 60
292124 0.355 3 18 60
12008 0.337 3 18 60
196 0.66 3 18 60
115240 0.316 3 18 60
175980 0.352 3 18 60
7924 0.343 3 18 60
104504 0.427 3 18 60
192 0.374 3 18 60
8312 0.511 3 18 60
192 0.272 3 18 60
159404 0.336 3 18 60
152064 0.369 3 18 60
5624 0.433 3 18 60
45860 0.373 3 18 60
176836 0.396 3 18 60
196 0.304 3 18 60
78440 0.325 3 18 60
196 0.288 3 18 60
7408 0.282 3 18 60
186848 0.327 3 18 60
220948 0.367 3 18 60
7036 0.267 3 18 60
196 0.36 3 18 60
194188 0.34 3 18 60
132016 0.308 3 18 60
7572 0.328 3 18 60
196 0.246 3 18 60
197156 0.352 3 18 60
92796 0.202 3 18 60
192 0.274 3 18 60
6736 0.373 3 18 60
194296 0.191 3 18 60
29208 0.256 3 18 60
5344 0.258 3 18 60
192 0.318 3 18 60
214652 0.294 3 18 60
7340 0.217 3 18 60
76868 0.388 3 18 60
219372 0.393 3 18 60
196 0.333 3 18 60
7748 0.34 3 18 60
130568 0.376 3 18 60
219020 0.405 3 18 60
200 0.359 3 18 60
198940 0.413 3 18 60
196 0.297 3 18 60
5628 0.308 3 18 60
55148 0.385 3 18 60
42964 0.245 3 18 60
200 0.255 3 18 60
5888 0.349 3 18 60
176668 0.248 3 18 60
5976 0.243 3 18 60
90624 0.265 3 18 60
200 0.32 3 18 60
191896 0.374 3 18 60
6520 0.251 3 18 60
84232 0.433 3 18 60
196 0.364 3 18 60
222908 0.368 3 18 60
84108 0.227 3 18 60
192 0.346 3 18 60
4292 0.361 3 18 60
227164 0.341 3 18 60
53824 0.344 3 18 60
4020 0.388 3 18 60
192 0.386 3 18 60
228480 0.283 3 18 60
192 0.324 3 18 60
3460 0.362 3 18 60
37772 0.277 3 18 60
211768 0.251 3 18 60
41516 0.269 3 18 60
243824 0.315 3 18 60
196 0.327 3 18 60
3516 0.339 3 18 60
3892 0.337 3 18 60
44288 0.301 3 18 60
194496 0.277 3 18 60
192 0.395 3 18 60
82060 0.319 3 18 60
227780 0.375 3 18 60
4260 0.295 3 18 60
192 0.308 3 18 60
4796 0.329 3 18 60
196 0.258 3 18 60
213844 0.155 3 18 60
196 0.366 3 18 60
5480 0.339 3 18 60
60340 0.36 3 18 60
225200 0.429 3 18 60
91476 0.34 3 18 60
7096 0.28 3 18 60
200 0.363 3 18 60
187976 0.342 3 18 60
7392 0.417 3 18 60
106552 0.23 3 18 60
196 0.234 3 18 60
213392 0.206 3 18 60
74096 0.376 3 18 60
5452 0.331 3 18 60
200 0.309 3 18 60
201772 0.283 3 18 60
6388 0.268 3 18 60
62388 0.289 3 18 60
196 0.315 3 18 60
228680 0.244 3 18 60
9980 0.318 3 18 60
126228 0.231 3 18 60
196 0.272 3 18 60
196968 0.276 3 18 60
196 0.313 3 18 60
9132 0.345 3 18 60
76868 0.341 3 18 60
263304 0.344 3 18 60
11588 0.332 3 18 60
153740 0.335 3 18 60
192 0.395 3 18 60
246156 0.334 3 18 60
217524 0.397 3 18 60
12824 0.269 3 18 60
122480 0.41 3 18 60
196 0.339 3 18 60
87132 0.284 3 18 60
6112 0.415 3 18 60
200 0.249 3 18 60
191880 0.309 3 18 60
178228 0.274 3 18 60
7764 0.32 3 18 60
192 0.395 3 18 60
185144 0.274 3 18 60
4608 0.325 3 18 60
196 0.352 3 18 60
215092 0.419 3 18 60
46588 0.488 3 18 60
52252 0.382 3 18 60
6052 0.434 3 18 60
196 0.308 3 18 60
199696 0.328 3 18 60
28488 0.329 3 18 60
192 0.393 3 18 60
3848 0.324 3 18 60
231704 0.282 3 18 60
4240 0.353 3 18 60
45012 0.152 3 18 60
192 0.404 3 18 60
204728 0.152 3 18 60
4028 0.321 3 18 60
192 0.262 3 18 60
190704 0.887 3 18 60
25464 0.593 3 18 60
192 0.276 3 18 60
3812 0.384 3 18 60
202160 0.537 3 18 60
47312 0.399 3 18 60
6340 0.271 3 18 60
196 0.263 3 18 60
162848 0.355 3 18 60
4636 0.295 3 18 60
24740 0.312 3 18 60
196 0.25 3 18 60
181600 0.319 3 18 60
192 0.263 3 18 60
5904 0.243 3 18 60
44416 0.483 3 18 60
164088 0.46 3 18 60
6124 0.26 3 18 60
196 0.354 3 18 60
90624 0.361 3 18 60
190864 0.361 3 18 60
171492 0.317 3 18 60
192 0.307 3 18 60
6312 0.273 3 18 60
42244 0.228 3 18 60
6196 0.401 3 18 60
192 0.325 3 18 60
100892 0.327 3 18 60
207724 0.357 3 18 60
68180 0.428 3 18 60
196 0.357 3 18 60
6408 0.281 3 18 60
205440 0.474 3 18 60
103064 0.311 3 18 60
7108 0.384 3 18 60
192 0.306 3 18 60
225012 0.409 3 18 60
65412 0.34 3 18 60
6556 0.341 3 18 60
196 0.458 3 18 60
196020 0.469 3 18 60
5580 0.379 3 18 60
57320 0.476 3 18 60
196 0.394 3 18 60
205924 0.477 3 18 60
71928 0.351 3 18 60
196 0.362 3 18 60
3780 0.402 3 18 60
204420 0.324 3 18 60
4152 0.416 3 18 60
200 0.301 3 18 60
209700 0.32 3 18 60
52976 0.204 3 18 60
35732 0.345 3 18 60
3776 0.335 3 18 60
226028 0.3 3 18 60
192 0.273 3 18 60
3708 0.265 3 18 60
192 0.298 3 18 60
37772 0.395 3 18 60
227332 0.43 3 18 60
6916 0.322 3 18 60
90032 0.669 3 18 60
227908 0.6 3 18 60
192 0.409 3 18 60
6260 0.289 3 18 60
192 0.343 3 18 60
45012 0.437 3 18 60
208980 0.44 3 18 60
88584 0.332 3 18 60
196 0.325 3 18 60
8044 0.394 3 18 60
223644 0.174 3 18 60
92796 0.315 3 18 60
192 0.405 3 18 60
9020 0.466 3 18 60
214852 0.252 3 18 60
99444 0.31 3 18 60
8132 0.374 3 18 60
196 0.406 3 18 60
217248 0.4 3 18 60
8572 0.371 3 18 60
108724 0.332 3 18 60
200 0.345 3 18 60
220348 0.258 3 18 60
205872 0.483 3 18 60
9696 0.447 3 18 60
200 0.25 3 18 60
220776 0.448 3 18 60
9616 0.425 3 18 60
196 0.416 3 18 60
152888 0.269 3 18 60
173780 0.293 3 18 60
200 0.276 3 18 60
7516 0.269 3 18 60
208772 0.434 3 18 60
233940 0.46 3 18 60
10600 0.454 3 18 60
192 0.306 3 18 60
118860 0.135 3 18 60
202152 0.145 3 18 60
102340 0.261 3 18 60
196 0.283 3 18 60
9460 0.277 3 18 60
227492 0.21 3 18 60
220224 0.325 3 18 60
192 0.24 3 18 60
8952 0.281 3 18 60
226512 0.252 3 18 60
476 0.212 4 10 80
163512 0.223 4 10 80
2552 0.233 4 10 80
196 0.223 4 10 80
232296 0.367 4 10 80
6944 0.336 4 10 80
33548 0.329 4 10 80
3840 0.191 4 10 80
196 0.359 4 10 80
194684 0.32 4 10 80
3268 0.25 4 10 80
200 0.192 4 10 80
183156 0.347 4 10 80
18224 0.32 4 10 80
24860 0.348 4 10 80
3420 0.379 4 10 80
192 0.262 4 10 80
203540 0.328 4 10 80
4664 0.214 4 10 80
192 0.296 4 10 80
194284 0.364 4 10 80
71076 0.281 4 10 80
5196 0.296 4 10 80
192 0.315 4 10 80
197328 0.29 4 10 80
84228 0.332 4 10 80
59492 0.343 4 10 80
4184 0.28 4 10 80
196 0.33 4 10 80
195996 0.329 4 10 80
21964 0.312 4 10 80
5364 0.274 4 10 80
196 0.213 4 10 80
218152 0.368 4 10 80
8000 0.344 4 10 80
196 0.37 4 10 80
203676 0.336 4 10 80
100036 0.336 4 10 80
7084 0.255 4 10 80
192 0.275 4 10 80
220368 0.367 4 10 80
89300 0.367 4 10 80
7796 0.333 4 10 80
200 0.312 4 10 80
114516 0.233 4 10 80
222216 0.28 4 10 80
5704 0.247 4 10 80
217716 0.467 4 10 80
192 0.276 4 10 80
53096 0.279 4 10 80
6188 0.368 4 10 80
46460 0.378 4 10 80
192 0.262 4 10 80
198544 0.373 4 10 80
44408 0.452 4 10 80
196 0.303 4 10 80
4004 0.269 4 10 80
206408 0.483 4 10 80
3492 0.279 4 10 80
15328 0.451 4 10 80
196 0.351 4 10 80
217676 0.45 4 10 80
3312 0.326 4 10 80
213144 0.473 4 10 80
15452 0.422 4 10 80
196 0.307 4 10 80
3324 0.368 4 10 80
22568 0.462 4 10 80
192 0.324 4 10 80
226388 0.42 4 10 80
196 0.33 4 10 80
4188 0.286 4 10 80
224468 0.453 4 10 80
17624 0.466 4 10 80
3904 0.301 4 10 80
21120 0.355 4 10 80
196 0.368 4 10 80
221624 0.372 4 10 80
5140 0.387 4 10 80
17624 0.39 4 10 80
192 0.424 4 10 80
220916 0.351 4 10 80
30532 0.354 4 10 80
4876 0.379 4 10 80
196 0.264 4 10 80
223816 0.325 4 10 80
32828 0.303 4 10 80
6104 0.393 4 10 80
196 0.396 4 10 80
230228 0.272 4 10 80
7552 0.302 4 10 80
192 0.445 4 10 80
203652 0.346 4 10 80
54424 0.365 4 10 80
200796 0.434 4 10 80
9068 0.433 4 10 80
196 0.381 4 10 80
219352 0.435 4 10 80
7160 0.4 4 10 80
186888 0.496 4 10 80
79040 0.504 4 10 80
192 0.277 4 10 80
7120 0.347 4 10 80
129120 0.366 4 10 80
196 0.316 4 10 80
201868 0.356 4 10 80
89900 0.351 4 10 80
6852 0.276 4 10 80
202412 0.362 4 10 80
196 0.374 4 10 80
6968 0.306 4 10 80
192 0.34 4 10 80
193224 0.267 4 10 80
114640 0.288 4 10 80
6728 0.382 4 10 80
196 0.342 4 10 80
199988 0.403 4 10 80
131292 0.407 4 10 80
146372 0.29 4 10 80
8364 0.335 4 10 80
192 0.329 4 10 80
209828 0.336 4 10 80
7988 0.297 4 10 80
192 0.329 4 10 80
219624 0.591 4 10 80
198588 0.578 4 10 80
102932 0.459 4 10 80
5924 0.327 4 10 80
200 0.295 4 10 80
199204 0.463 4 10 80
192 0.327 4 10 80
5560 0.333 4 10 80
31380 0.345 4 10 80
201500 0.303 4 10 80
5780 0.349 4 10 80
196 0.337 4 10 80
19672 0.458 4 10 80
188100 0.471 4 10 80
6012 0.336 4 10 80
175864 0.41 4 10 80
83508 0.385 4 10 80
192 0.311 4 10 80
136236 0.39 4 10 80
5444 0.338 4 10 80
192 0.269 4 10 80
201064 0.334 4 10 80
83508 0.418 4 10 80
196 0.268 4 10 80
5468 0.334 4 10 80
187744 0.425 4 10 80
9716 0.297 4 10 80
77592 0.384 4 10 80
196 0.257 4 10 80
190952 0.337 4 10 80
42964 0.275 4 10 80
192 0.267 4 10 80
4456 0.38 4 10 80
192424 0.341 4 10 80
196 0.294 4 10 80
4316 0.225 4 10 80
195960 0.38 4 10 80
24740 0.388 4 10 80
196 0.403 4 10 80
4044 0.294 4 10 80
185208 0.369 4 10 80
16176 0.354 4 10 80
3732 0.354 4 10 80
24016 0.458 4 10 80
192 0.281 4 10 80
193288 0.413 4 10 80
196 0.271 4 10 80
3448 0.361 4 10 80
10384 0.376 4 10 80
19672 0.205 4 10 80
3912 0.329 4 10 80
192 0.34 4 10 80
184624 0.194 4 10 80
200 0.299 4 10 80
203200 0.378 4 10 80
3168 0.271 4 10 80
6040 0.376 4 10 80
191576 0.424 4 10 80
57320 0.398 4 10 80
192 0.267 4 10 80
6296 0.333 4 10 80
87852 0.466 4 10 80
192 0.326 4 10 80
6276 0.299 4 10 80
156716 0.48 4 10 80
5300 0.364 4 10 80
229332 0.444 4 10 80
37048 0.353 4 10 80
200 0.395 4 10 80
115368 0.418 4 10 80
192 0.428 4 10 80
7340 0.349 4 10 80
210588 0.475 4 10 80
57444 0.473 4 10 80
196 0.335 4 10 80
5212 0.328 4 10 80
208392 0.474 4 10 80
5964 0.53 4 10 80
64560 0.416 4 10 80
196 0.409 4 10 80
190476 0.423 4 10 80
7708 0.295 4 10 80
67580 0.324 4 10 80
192 0.27 4 10 80
207972 0.295 4 10 80
196 0.353 4 10 80
7568 0.409 4 10 80
113792 0.291 4 10 80
194668 0.413 4 10 80
103784 0.504 4 10 80
192 0.338 4 10 80
7368 0.275 4 10 80
193388 0.439 4 10 80
5380 0.337 4 10 80
196 0.326 4 10 80
18948 0.331 4 10 80
220628 0.296 4 10 80
180704 0.397 4 10 80
7344 0.314 4 10 80
196 0.423 4 10 80
71204 0.356 4 10 80
42116 0.551 4 10 80
6556 0.357 4 10 80
196 0.363 4 10 80
199732 0.545 4 10 80
216948 0.492 4 10 80
24868 0.454 4 10 80
196 0.352 4 10 80
5172 0.452 4 10 80
84108 0.379 4 10 80
6368 0.359 4 10 80
196 0.349 4 10 80
183988 0.393 4 10 80
42968 0.427 4 10 80
4536 0.328 4 10 80
196 0.413 4 10 80
229340 0.37 4 10 80
5184 0.365 4 10 80
192 0.316 4 10 80
68904 0.328 4 10 80
185836 0.372 4 10 80
35728 0.32 4 10 80
4252 0.382 4 10 80
192 0.304 4 10 80
232988 0.451 4 10 80
5680 0.369 4 10 80
29084 0.377 4 10 80
196 0.27 4 10 80
216156 0.377 4 10 80
35728 0.376 4 10 80
4672 0.273 4 10 80
192 0.258 4 10 80
197676 0.332 4 10 80
192 0.27 4 10 80
3596 0.262 4 10 80
18224 0.361 4 10 80
219600 0.379 4 10 80
41520 0.412 4 10 80
4120 0.287 4 10 80
192 0.381 4 10 80
226500 0.429 4 10 80
4108 0.331 4 10 80
192 0.507 4 10 80
29808 0.441 4 10 80
234236 0.458 4 10 80
38624 0.415 4 10 80
4404 0.535 4 10 80
192 0.339 4 10 80
232608 0.421 4 10 80
4276 0.43 4 10 80
196 0.317 4 10 80
40668 0.326 4 10 80
240472 0.293 4 10 80
6072 0.396 4 10 80
196 0.343 4 10 80
42968 0.346 4 10 80
238032 0.39 4 10 80
55872 0.397 4 10 80
6080 0.31 4 10 80
196 0.313 4 10 80
262120 0.473 4 10 80
202976 0.458 4 10 80
9596 0.407 4 10 80
192 0.266 4 10 80
202832 0.459 4 10 80
4516 0.278 4 10 80
196 0.392 4 10 80
191228 0.507 4 10 80
27636 0.373 4 10 80
59620 0.545 4 10 80
6228 0.348 4 10 80
192 0.231 4 10 80
194044 0.516 4 10 80
6228 0.336 4 10 80
196 0.442 4 10 80
43564 0.356 4 10 80
206140 0.387 4 10 80
196 0.243 4 10 80
8752 0.321 4 10 80
185600 0.519 4 10 80
199368 0.468 4 10 80
208640 0.451 4 10 80
10396 0.401 4 10 80
187712 0.463 4 10 80
200 0.287 4 10 80
195280 0.378 4 10 80
89308 0.413 4 10 80
7300 0.336 4 10 80
192 0.316 4 10 80
8188 0.284 4 10 80
218592 0.309 4 10 80
108000 0.257 4 10 80
196 0.265 4 10 80
132024 0.391 4 10 80
8608 0.305 4 10 80
200 0.383 4 10 80
215884 0.378 4 10 80
6928 0.345 4 10 80
95692 0.281 4 10 80
192 0.343 4 10 80
207532 0.313 4 10 80
196 0.341 4 10 80
4840 0.362 4 10 80
226072 0.399 4 10 80
80616 0.381 4 10 80
5224 0.339 4 10 80
196 0.294 4 10 80
220932 0.398 4 10 80
56596 0.455 4 10 80
50212 0.408 4 10 80
4668 0.315 4 10 80
200 0.286 4 10 80
212544 0.356 4 10 80
3976 0.289 4 10 80
31256 0.413 4 10 80
196 0.294 4 10 80
211892 0.414 4 10 80
192 0.261 4 10 80
5316 0.336 4 10 80
214148 0.417 4 10 80
49488 0.442 4 10 80
4896 0.287 4 10 80
53700 0.396 4 10 80
196 0.313 4 10 80
201700 0.396 4 10 80
31388 0.357 4 10 80
5312 0.259 4 10 80
192 0.277 4 10 80
174564 0.334 4 10 80
5044 0.343 4 10 80
22568 0.345 4 10 80
196 0.42 4 10 80
205696 0.345 4 10 80
7328 0.289 4 10 80
196 0.38 4 10 80
218028 0.335 4 10 80
94376 0.34 4 10 80
7832 0.329 4 10 80
207616 0.409 4 10 80
105828 0.403 4 10 80
196 0.288 4 10 80
179084 0.352 4 10 80
196 0.382 4 10 80
9360 0.335 4 10 80
222396 0.337 4 10 80
8816 0.277 4 10 80
213080 0.337 4 10 80
115964 0.38 4 10 80
196 0.337 4 10 80
181980 0.354 4 10 80
8236 0.313 4 10 80
196 0.345 4 10 80
161476 0.372 4 10 80
192 0.311 4 10 80
7056 0.305 4 10 80
60216 0.394 4 10 80
181956 0.404 4 10 80
7152 0.326 4 10 80
196 0.279 4 10 80
161068 0.428 4 10 80
108132 0.353 4 10 80
8452 0.375 4 10 80
196 0.277 4 10 80
68904 0.321 4 10 80
215740 0.357 4 10 80
7316 0.297 4 10 80
112476 0.268 4 10 80
185548 0.34 4 10 80
196 0.352 4 10 80
198504 0.497 4 10 80
47316 0.366 4 10 80
4564 0.293 4 10 80
192 0.231 4 10 80
4912 0.354 4 10 80
203080 0.387 4 10 80
92932 0.471 4 10 80
196 0.363 4 10 80
4240 0.298 4 10 80
205496 0.341 4 10 80
45736 0.326 4 10 80
196 0.26 4 10 80
134200 0.275 4 10 80
196 0.343 4 10 80
6776 0.374 4 10 80
199180 0.304 4 10 80
192 0.364 4 10 80
5968 0.359 4 10 80
195940 0.414 4 10 80
84832 0.377 4 10 80
118272 0.44 4 10 80
196 0.285 4 10 80
7716 0.411 4 10 80
162688 0.426 4 10 80
196 0.383 4 10 80
5960 0.364 4 10 80
200556 0.157 4 10 80
45012 0.383 4 10 80
196 0.382 4 10 80
242268 0.284 4 10 80
97276 0.262 4 10 80
7160 0.253 4 10 80
196 0.285 4 10 80
155060 0.381 4 10 80
10932 0.383 4 10 80
181804 0.386 4 10 80
196 0.289 4 10 80
83520 0.461 4 10 80
7160 0.351 4 10 80
210916 0.367 4 10 80
7444 0.31 4 10 80
192 0.386 4 10 80
218856 0.458 4 10 80
87004 0.451 4 10 80
7604 0.31 4 10 80
196 0.273 4 10 80
122616 0.428 4 10 80
196188 0.38 4 10 80
7196 0.344 4 10 80
183292 0.371 4 10 80
133340 0.428 4 10 80
200 0.303 4 10 80
4368 0.237 4 10 80
206048 0.292 4 10 80
32116 0.374 4 10 80
196 0.312 4 10 80
50804 0.346 4 10 80
192 0.424 4 10 80
4628 0.35 4 10 80
201480 0.307 4 10 80
29944 0.33 4 10 80
196 0.323 4 10 80
3764 0.312 4 10 80
222664 0.321 4 10 80
26188 0.365 4 10 80
3584 0.407 4 10 80
225904 0.383 4 10 80
476 0.305 5 4 120
168920 0.396 5 4 120
4028 0.396 5 4 120
170964 0.417 5 4 120
46764 0.366 5 4 120
196 0.315 5 4 120
192 0.326 5 4 120
195472 0.333 5 4 120
71196 0.381 5 4 120
5896 0.355 5 4 120
5668 0.349 5 4 120
24016 0.408 5 4 120
196 0.48 5 4 120
129848 0.382 5 4 120
5160 0.32 5 4 120
192 0.301 5 4 120
204380 0.443 5 4 120
248580 0.456 5 4 120
6868 0.398 5 4 120
196 0.297 5 4 120
185008 0.414 5 4 120
31256 0.432 5 4 120
61060 0.479 5 4 120
7852 0.285 5 4 120
200 0.506 5 4 120
197276 0.522 5 4 120
7344 0.295 5 4 120
192 0.358 5 4 120
205428 0.387 5 4 120
45736 0.394 5 4 120
88572 0.351 5 4 120
9348 0.455 5 4 120
192 0.366 5 4 120
208648 0.425 5 4 120
9780 0.401 5 4 120
125376 0.473 5 4 120
200 0.433 5 4 120
181144 0.424 5 4 120
8816 0.318 5 4 120
170388 0.476 5 4 120
92192 0.504 5 4 120
192 0.295 5 4 120
5880 0.452 5 4 120
192 0.351 5 4 120
49356 0.606 5 4 120
147100 0.531 5 4 120
152284 0.479 5 4 120
192 0.38 5 4 120
6040 0.276 5 4 120
277984 0.483 5 4 120
11296 0.28 5 4 120
196 0.369 5 4 120
190380 0.454 5 4 120
139132 0.486 5 4 120
192 0.343 5 4 120
195396 0.443 5 4 120
84228 0.456 5 4 120
6004 0.342 5 4 120
39220 0.458 5 4 120
4008 0.301 5 4 120
192 0.435 5 4 120
2996 0.325 5 4 120
192 0.42 5 4 120
207064 0.514 5 4 120
4588 0.497 5 4 120
3864 0.449 5 4 120
196 0.392 5 4 120
14604 0.544 5 4 120
205220 0.52 5 4 120
18344 0.517 5 4 120
3552 0.374 5 4 120
192 0.337 5 4 120
177104 0.599 5 4 120
3076 0.386 5 4 120
196 0.462 5 4 120
185644 0.437 5 4 120
15328 0.484 5 4 120
196 0.368 5 4 120
25588 0.66 5 4 120
3456 0.386 5 4 120
171260 0.616 5 4 120
16776 0.648 5 4 120
192 0.332 5 4 120
2888 0.372 5 4 120
193304 0.621 5 4 120
3704 0.376 5 4 120
197664 0.598 5 4 120
17624 0.684 5 4 120
200 0.351 5 4 120
3484 0.386 5 4 120
30532 0.6 5 4 120
192 0.329 5 4 120
176912 0.525 5 4 120
4336 0.36 5 4 120
40068 0.504 5 4 120
192 0.468 5 4 120
175224 0.431 5 4 120
192 0.308 5 4 120
2940 0.358 5 4 120
247232 0.541 5 4 120
3020 0.459 5 4 120
97988 0.55 5 4 120
7112 0.347 5 4 120
196 0.377 5 4 120
179748 0.503 5 4 120
57320 0.453 5 4 120
5180 0.326 5 4 120
196 0.327 5 4 120
185920 0.464 5 4 120
193444 0.554 5 4 120
93644 0.477 5 4 120
5700 0.385 5 4 120
192 0.156 5 4 120
193956 0.554 5 4 120
4264 0.296 5 4 120
192 0.251 5 4 120
190488 0.582 5 4 120
13156 0.616 5 4 120
15452 0.528 5 4 120
4280 0.274 5 4 120
196 0.419 5 4 120
176928 0.573 5 4 120
6004 0.266 5 4 120
196 0.365 5 4 120
36324 0.527 5 4 120
165888 0.527 5 4 120
4488 0.247 5 4 120
22692 0.635 5 4 120
196 0.386 5 4 120
191364 0.581 5 4 120
8884 0.416 5 4 120
180416 0.465 5 4 120
447560 0.452 5 4 120
196 0.547 5 4 120
328224 0.488 5 4 120
192 0.328 5 4 120
9484 0.304 5 4 120
202396 0.392 5 4 120
7536 0.362 5 4 120
200860 0.464 5 4 120
97140 0.35 5 4 120
192 0.343 5 4 120
7556 0.452 5 4 120
89300 0.456 5 4 120
192 0.302 5 4 120
160176 0.382 5 4 120
45012 0.368 5 4 120
5896 0.362 5 4 120
192 0.305 5 4 120
193212 0.356 5 4 120
6592 0.309 5 4 120
110296 0.443 5 4 120
192 0.342 5 4 120
172500 0.531 5 4 120
70352 0.481 5 4 120
5904 0.33 5 4 120
196 0.381 5 4 120
196 0.323 5 4 120
188652 0.541 5 4 120
23416 0.487 5 4 120
4036 0.342 5 4 120
180188 0.499 5 4 120
24016 0.499 5 4 120
3180 0.333 5 4 120
196 0.386 5 4 120
167180 0.447 5 4 120
28484 0.395 5 4 120
3772 0.323 5 4 120
196 0.511 5 4 120
166176 0.504 5 4 120
29808 0.594 5 4 120
3352 0.326 5 4 120
192 0.421 5 4 120
180204 0.718 5 4 120
196 0.375 5 4 120
18948 0.663 5 4 120
3744 0.434 5 4 120
192 0.372 5 4 120
207176 0.708 5 4 120
215256 0.611 5 4 120
51652 0.597 5 4 120
4184 0.481 5 4 120
4032 0.419 5 4 120
192 0.316 5 4 120
208528 0.536 5 4 120
38496 0.536 5 4 120
31256 0.536 5 4 120
4600 0.383 5 4 120
192 0.397 5 4 120
214308 0.515 5 4 120
38620 0.476 5 4 120
4300 0.316 5 4 120
200 0.386 5 4 120
207580 0.475 5 4 120
4360 0.364 5 4 120
196 0.367 5 4 120
43564 0.469 5 4 120
209868 0.463 5 4 120
19796 0.455 5 4 120
4760 0.382 5 4 120
200 0.36 5 4 120
195632 0.473 5 4 120
7768 0.412 5 4 120
192 0.444 5 4 120
170688 0.403 5 4 120
57320 0.403 5 4 120
63960 0.533 5 4 120
5940 0.385 5 4 120
192 0.447 5 4 120
185868 0.481 5 4 120
230468 0.602 5 4 120
7116 0.376 5 4 120
196 0.425 5 4 120
215192 0.591 5 4 120
37048 0.583 5 4 120
10388 0.533 5 4 120
4380 0.402 5 4 120
196 0.386 5 4 120
225288 0.59 5 4 120
9344 0.485 5 4 120
108000 0.449 5 4 120
192 0.394 5 4 120
152564 0.539 5 4 120
196 0.263 5 4 120
92200 0.484 5 4 120
9092 0.525 5 4 120
183024 0.421 5 4 120
62516 0.531 5 4 120
8912 0.428 5 4 120
192 0.339 5 4 120
152584 0.551 5 4 120
56596 0.49 5 4 120
6704 0.354 5 4 120
135444 0.508 5 4 120
73376 0.592 5 4 120
196 0.286 5 4 120
192 0.362 5 4 120
5876 0.359 5 4 120
149148 0.497 5 4 120
5916 0.497 5 4 120
192 0.387 5 4 120
3572 0.319 5 4 120
165452 0.491 5 4 120
196 0.358 5 4 120
4188 0.288 5 4 120
185244 0.586 5 4 120
14604 0.586 5 4 120
3812 0.362 5 4 120
196 0.325 5 4 120
188188 0.552 5 4 120
14008 0.613 5 4 120
4484 0.377 5 4 120
17500 0.552 5 4 120
35004 0.523 5 4 120
3876 0.44 5 4 120
196 0.276 5 4 120
192 0.276 5 4 120
197132 0.544 5 4 120
169932 0.608 5 4 120
2684 0.321 5 4 120
192 0.335 5 4 120
185496 0.614 5 4 120
848 0.538 5 4 120
30532 0.585 5 4 120
4964 0.309 5 4 120
192 0.338 5 4 120
195868 0.522 5 4 120
192 0.346 5 4 120
4176 0.308 5 4 120
37900 0.559 5 4 120
202976 0.528 5 4 120
31980 0.585 5 4 120
4964 0.343 5 4 120
192 0.313 5 4 120
182060 0.569 5 4 120
5144 0.327 5 4 120
192 0.34 5 4 120
48760 0.518 5 4 120
201252 0.473 5 4 120
5328 0.325 5 4 120
192 0.366 5 4 120
200184 0.496 5 4 120
38496 0.479 5 4 120
188540 0.429 5 4 120
30660 0.424 5 4 120
196 0.377 5 4 120
5200 0.358 5 4 120
37048 0.443 5 4 120
5640 0.308 5 4 120
192 0.407 5 4 120
187920 0.461 5 4 120
5932 0.373 5 4 120
203612 0.583 5 4 120
62516 0.444 5 4 120
196 0.392 5 4 120
68180 0.422 5 4 120
5292 0.32 5 4 120
192 0.399 5 4 120
207808 0.515 5 4 120
5004 0.403 5 4 120
194652 0.451 5 4 120
25592 0.484 5 4 120
192 0.464 5 4 120
5552 0.369 5 4 120
43564 0.461 5 4 120
192 0.561 5 4 120
202920 0.458 5 4 120
16180 0.437 5 4 120
4876 0.43 5 4 120
192 0.487 5 4 120
227900 0.511 5 4 120
4368 0.385 5 4 120
17500 0.606 5 4 120
4576 0.493 5 4 120
192 0.386 5 4 120
224968 0.556 5 4 120
200852 0.468 5 4 120
20524 0.527 5 4 120
39220 0.421 5 4 120
5304 0.485 5 4 120
196 0.286 5 4 120
192 0.296 5 4 120
4084 0.377 5 4 120
193564 0.473 5 4 120
176964 0.492 5 4 120
27636 0.565 5 4 120
10388 0.504 5 4 120
3440 0.287 5 4 120
196 0.289 5 4 120
3080 0.296 5 4 120
192 0.31 5 4 120
200 0.279 5 4 120
190296 0.482 5 4 120
189192 0.535 5 4 120
8088 0.482 5 4 120
5916 0.47 5 4 120
196 0.356 5 4 120
2376 0.289 5 4 120
2512 0.306 5 4 120
195056 0.424 5 4 120
9536 0.424 5 4 120
196 0.396 5 4 120
192 0.312 5 4 120
2496 0.279 5 4 120
186892 0.397 5 4 120
206108 0.432 5 4 120
6772 0.397 5 4 120
2972 0.356 5 4 120
177652 0.431 5 4 120
9536 0.432 5 4 120
10392 0.394 5 4 120
2920 0.387 5 4 120
196 0.264 5 4 120
192 0.296 5 4 120
201032 0.526 5 4 120
14604 0.526 5 4 120
3168 0.281 5 4 120
192 0.256 5 4 120
181924 0.503 5 4 120
2876 0.253 5 4 120
6640 0.434 5 4 120
15460 0.421 5 4 120
4232 0.306 5 4 120
192 0.258 5 4 120
192 0.24 5 4 120
197308 0.43 5 4 120
179476 0.463 5 4 120
10984 0.463 5 4 120
3376 0.287 5 4 120
196 0.178 5 4 120
178896 0.47 5 4 120
6060 0.236 5 4 120
196 0.24 5 4 120
198308 0.462 5 4 120
32704 0.465 5 4 120
43696 0.472 5 4 120
192 0.338 5 4 120
5032 0.236 5 4 120
183432 0.479 5 4 120
4524 0.236 5 4 120
196 0.279 5 4 120
207120 0.52 5 4 120
49356 0.515 5 4 120
35732 0.51 5 4 120
5780 0.198 5 4 120
196 0.354 5 4 120
204564 0.482 5 4 120
5072 0.261 5 4 120
15328 0.45 5 4 120
196 0.322 5 4 120
200864 0.397 5 4 120
6324 0.333 5 4 120
192 0.421 5 4 120
19804 0.489 5 4 120
281796 0.449 5 4 120
196 0.288 5 4 120
6976 0.297 5 4 120
64560 0.479 5 4 120
5836 0.366 5 4 120
278140 0.554 5 4 120
39352 0.507 5 4 120
196 0.262 5 4 120
204972 0.544 5 4 120
53700 0.402 5 4 120
8940 0.356 5 4 120
150812 0.447 5 4 120
192 0.331 5 4 120
60348 0.439 5 4 120
7760 0.405 5 4 120
196 0.314 5 4 120
193428 0.438 5 4 120
7416 0.278 5 4 120
188 0.312 5 4 120
206272 0.568 5 4 120
223844 0.596 5 4 120
87136 0.63 5 4 120
196 0.393 5 4 120
5244 0.369 5 4 120
221464 0.627 5 4 120
5344 0.325 5 4 120
109448 0.644 5 4 120
192 0.354 5 4 120
225640 0.606 5 4 120
113200 0.579 5 4 120
4824 0.273 5 4 120
196 0.257 5 4 120
209976 0.467 5 4 120
5492 0.346 5 4 120
102208 0.488 5 4 120
196 0.296 5 4 120
214544 0.558 5 4 120
83516 0.617 5 4 120
5100 0.448 5 4 120
192 0.317 5 4 120
153936 0.611 5 4 120
83384 0.512 5 4 120
4928 0.283 5 4 120
196 0.379 5 4 120
197852 0.512 5 4 120
4592 0.254 5 4 120
192 0.379 5 4 120
97276 0.45 5 4 120
3720 0.338 5 4 120
196 0.361 5 4 120
93520 0.452 5 4 120
476 0.382 6 2 180
210608 0.517 6 2 180
196 0.352 6 2 180
3696 0.376 6 2 180
13460 0.486 6 2 180
225224 0.461 6 2 180
27032 0.498 6 2 180
6792 0.329 6 2 180
196 0.327 6 2 180
188932 0.497 6 2 180
21844 0.515 6 2 180
6204 0.322 6 2 180
200 0.454 6 2 180
197700 0.488 6 2 180
21964 0.584 6 2 180
6608 0.413 6 2 180
196 0.477 6 2 180
278404 0.588 6 2 180
54424 0.65 6 2 180
6868 0.516 6 2 180
196 0.35 6 2 180
173204 0.658 6 2 180
17620 0.511 6 2 180
4208 0.354 6 2 180
196 0.395 6 2 180
181044 0.502 6 2 180
3672 0.352 6 2 180
9536 0.491 6 2 180
192 0.347 6 2 180
203556 0.487 6 2 180
192 0.188 6 2 180
6728 0.417 6 2 180
38616 0.573 6 2 180
206916 0.495 6 2 180
7288 0.335 6 2 180
196 0.323 6 2 180
83508 0.514 6 2 180
195868 0.492 6 2 180
7068 0.248 6 2 180
49356 0.474 6 2 180
192 0.377 6 2 180
195516 0.478 6 2 180
6856 0.365 6 2 180
196 0.414 6 2 180
57444 0.556 6 2 180
188456 0.636 6 2 180
51652 0.514 6 2 180
189944 0.533 6 2 180
4616 0.397 6 2 180
188 0.331 6 2 180
192 0.32 6 2 180
4624 0.381 6 2 180
44288 0.552 6 2 180
180296 0.552 6 2 180
3340 0.338 6 2 180
200 0.324 6 2 180
27036 0.538 6 2 180
205600 0.57 6 2 180
16052 0.562 6 2 180
196 0.35 6 2 180
2608 0.34 6 2 180
262080 0.538 6 2 180
192 0.321 6 2 180
56720 0.484 6 2 180
8056 0.305 6 2 180
188460 0.477 6 2 180
47184 0.426 6 2 180
4992 0.422 6 2 180
196 0.385 6 2 180
195104 0.417 6 2 180
62512 0.521 6 2 180
5652 0.343 6 2 180
196 0.31 6 2 180
204272 0.465 6 2 180
5748 0.386 6 2 180
109448 0.472 6 2 180
196 0.233 6 2 180
261636 0.477 6 2 180
9568 0.287 6 2 180
187768 0.493 6 2 180
200 0.421 6 2 180
223552 0.48 6 2 180
10096 0.288 6 2 180
313744 0.531 6 2 180
237120 0.582 6 2 180
10620 0.402 6 2 180
196 0.416 6 2 180
227464 0.497 6 2 180
209080 0.523 6 2 180
166772 0.504 6 2 180
200 0.376 6 2 180
9060 0.474 6 2 180
216596 0.547 6 2 180
9100 0.377 6 2 180
193436 0.429 6 2 180
192 0.382 6 2 180
227344 0.482 6 2 180
151568 0.464 6 2 180
6692 0.405 6 2 180
192 0.439 6 2 180
175448 0.427 6 2 180
5604 0.402 6 2 180
99312 0.462 6 2 180
192 0.488 6 2 180
172352 0.443 6 2 180
82060 0.566 6 2 180
4264 0.43 6 2 180
200 0.471 6 2 180
174616 0.597 6 2 180
48032 0.695 6 2 180
3732 0.511 6 2 180
192 0.385 6 2 180
191384 0.621 6 2 180
3436 0.435 6 2 180
26188 0.621 6 2 180
192 0.397 6 2 180
198760 0.49 6 2 180
27764 0.553 6 2 180
3668 0.352 6 2 180
196 0.43 6 2 180
223736 0.513 6 2 180
3692 0.446 6 2 180
112344 0.534 6 2 180
196 0.433 6 2 180
257676 0.548 6 2 180
7104 0.439 6 2 180
192 0.449 6 2 180
113196 0.587 6 2 180
239208 0.614 6 2 180
66008 0.545 6 2 180
7148 0.525 6 2 180
196 0.442 6 2 180
215540 0.557 6 2 180
65412 0.518 6 2 180
6632 0.519 6 2 180
196 0.275 6 2 180
185312 0.612 6 2 180
7532 0.46 6 2 180
180400 0.513 6 2 180
192 0.306 6 2 180
229308 0.723 6 2 180
196 0.426 6 2 180
8156 0.314 6 2 180
326776 0.51 6 2 180
207320 0.525 6 2 180
7840 0.31 6 2 180
200800 0.587 6 2 180
196 0.314 6 2 180
187844 0.53 6 2 180
7192 0.382 6 2 180
196 0.373 6 2 180
91348 0.437 6 2 180
195600 0.432 6 2 180
161704 0.54 6 2 180
196 0.336 6 2 180
283092 0.504 6 2 180
194160 0.516 6 2 180
11480 0.45 6 2 180
200 0.34 6 2 180
212452 0.585 6 2 180
5568 0.354 6 2 180
139984 0.602 6 2 180
196 0.362 6 2 180
236004 0.534 6 2 180
9272 0.398 6 2 180
196 0.401 6 2 180
383124 0.539 6 2 180
173260 0.536 6 2 180
7360 0.354 6 2 180
196 0.46 6 2 180
134192 0.525 6 2 180
198696 0.566 6 2 180
7220 0.479 6 2 180
196 0.37 6 2 180
166644 0.517 6 2 180
177268 0.511 6 2 180
6440 0.429 6 2 180
219628 0.502 6 2 180
240088 0.494 6 2 180
192 0.423 6 2 180
10340 0.43 6 2 180
235428 0.47 6 2 180
192 0.325 6 2 180
217236 0.446 6 2 180
117540 0.448 6 2 180
6596 0.402 6 2 180
196 0.425 6 2 180
230412 0.47 6 2 180
99312 0.443 6 2 180
7488 0.337 6 2 180
192 0.469 6 2 180
223392 0.504 6 2 180
129848 0.465 6 2 180
5672 0.393 6 2 180
196 0.333 6 2 180
214000 0.539 6 2 180
6020 0.439 6 2 180
89176 0.554 6 2 180
196 0.429 6 2 180
223308 0.511 6 2 180
74824 0.473 6 2 180
5276 0.429 6 2 180
196 0.369 6 2 180
298168 0.597 6 2 180
5952 0.413 6 2 180
65284 0.486 6 2 180
196 0.361 6 2 180
242272 0.527 6 2 180
7940 0.401 6 2 180
137092 0.53 6 2 180
200 0.474 6 2 180
342208 0.512 6 2 180
128996 0.543 6 2 180
10660 0.563 6 2 180
200 0.363 6 2 180
203500 0.558 6 2 180
122612 0.527 6 2 180
8072 0.518 6 2 180
196 0.392 6 2 180
274016 0.501 6 2 180
9468 0.363 6 2 180
206468 0.558 6 2 180
196 0.522 6 2 180
279824 0.598 6 2 180
11004 0.472 6 2 180
196 0.526 6 2 180
157364 0.491 6 2 180
246864 0.466 6 2 180
192 0.358 6 2 180
8160 0.534 6 2 180
128996 0.701 6 2 180
227184 0.71 6 2 180
8148 0.383 6 2 180
101616 0.541 6 2 180
192 0.316 6 2 180
281208 0.479 6 2 180
8684 0.308 6 2 180
196 0.293 6 2 180
96416 0.472 6 2 180
261700 0.513 6 2 180
213836 0.418 6 2 180
10068 0.288 6 2 180
319912 0.572 6 2 180
196 0.358 6 2 180
11916 0.304 6 2 180
176056 0.497 6 2 180
200 0.398 6 2 180
243212 0.503 6 2 180
307232 0.597 6 2 180
11484 0.306 6 2 180
196 0.342 6 2 180
246428 0.75 6 2 180
9116 0.339 6 2 180
99312 0.54 6 2 180
196 0.407 6 2 180
178188 0.512 6 2 180
52380 0.514 6 2 180
5868 0.396 6 2 180
192 0.318 6 2 180
230276 0.451 6 2 180
9832 0.359 6 2 180
120308 0.509 6 2 180
196 0.445 6 2 180
150008 0.51 6 2 180
7792 0.322 6 2 180
200 0.415 6 2 180
110304 0.582 6 2 180
169872 0.578 6 2 180
7856 0.363 6 2 180
66008 0.559 6 2 180
216424 0.523 6 2 180
196 0.39 6 2 180
118268 0.612 6 2 180
7592 0.22 6 2 180
196 0.416 6 2 180
177372 0.551 6 2 180
36324 0.523 6 2 180
5224 0.369 6 2 180
196 0.384 6 2 180
210388 0.483 6 2 180
33560 0.527 6 2 180
196 0.389 6 2 180
5144 0.445 6 2 180
181156 0.497 6 2 180
46460 0.56 6 2 180
4960 0.414 6 2 180
200 0.344 6 2 180
230360 0.57 6 2 180
192 0.369 6 2 180
5716 0.324 6 2 180
31388 0.63 6 2 180
229184 0.68 6 2 180
5548 0.418 6 2 180
31980 0.667 6 2 180
196 0.477 6 2 180
179652 0.653 6 2 180
3928 0.423 6 2 180
192 0.458 6 2 180
32836 0.552 6 2 180
208944 0.515 6 2 180
4132 0.408 6 2 180
31256 0.53 6 2 180
196 0.405 6 2 180
203228 0.563 6 2 180
31388 0.511 6 2 180
192 0.394 6 2 180
4336 0.412 6 2 180
255468 0.538 6 2 180
4788 0.408 6 2 180
51528 0.514 6 2 180
192 0.363 6 2 180
268980 0.508 6 2 180
7672 0.324 6 2 180
196 0.388 6 2 180
62520 0.51 6 2 180
235880 0.519 6 2 180
93520 0.523 6 2 180
6916 0.382 6 2 180
192 0.383 6 2 180
227172 0.554 6 2 180
100168 0.49 6 2 180
5960 0.419 6 2 180
192 0.448 6 2 180
226704 0.571 6 2 180
196 0.375 6 2 180
7232 0.395 6 2 180
45012 0.539 6 2 180
231524 0.608 6 2 180
8404 0.463 6 2 180
136368 0.431 6 2 180
196 0.452 6 2 180
168632 0.451 6 2 180
8080 0.363 6 2 180
196 0.467 6 2 180
212260 0.701 6 2 180
192920 0.577 6 2 180
145784 0.626 6 2 180
8864 0.359 6 2 180
192 0.417 6 2 180
199140 0.547 6 2 180
77724 0.618 6 2 180
6632 0.454 6 2 180
200 0.316 6 2 180
188876 0.555 6 2 180
5804 0.466 6 2 180
56004 0.554 6 2 180
196 0.363 6 2 180
187348 0.614 6 2 180
4844 0.295 6 2 180
51660 0.577 6 2 180
196 0.316 6 2 180
189344 0.552 6 2 180
4660 0.413 6 2 180
51528 0.598 6 2 180
192 0.307 6 2 180
221908 0.552 6 2 180
6204 0.345 6 2 180
192 0.422 6 2 180
82068 0.487 6 2 180
178460 0.542 6 2 180
5632 0.394 6 2 180
65284 0.487 6 2 180
196 0.408 6 2 180
210224 0.461 6 2 180
60348 0.434 6 2 180
196 0.409 6 2 180
4920 0.449 6 2 180
236692 0.573 6 2 180
5140 0.379 6 2 180
43564 0.486 6 2 180
196 0.395 6 2 180
270820 0.472 6 2 180
6260 0.391 6 2 180
196 0.45 6 2 180
76280 0.538 6 2 180
254744 0.568 6 2 180
196 0.424 6 2 180
81936 0.588 6 2 180
5844 0.375 6 2 180
287484 0.566 6 2 180
7940 0.368 6 2 180
124064 0.47 6 2 180
196 0.381 6 2 180
204416 0.533 6 2 180
160852 0.497 6 2 180
6060 0.454 6 2 180
196 0.358 6 2 180
231496 0.574 6 2 180
141440 0.56 6 2 180
7160 0.376 6 2 180
196 0.309 6 2 180
205004 0.613 6 2 180
8492 0.334 6 2 180
231084 0.592 6 2 180
196 0.35 6 2 180
227420 0.551 6 2 180
8976 0.316 6 2 180
192124 0.521 6 2 180
192 0.45 6 2 180
240392 0.59 6 2 180
116824 0.459 6 2 180
8544 0.319 6 2 180
192 0.36 6 2 180
246128 0.537 6 2 180
8940 0.42 6 2 180
192 0.429 6 2 180
90624 0.526 6 2 180
192636 0.516 6 2 180
6708 0.406 6 2 180
196 0.407 6 2 180
111032 0.503 6 2 180
6784 0.39 6 2 180
117412 0.48 6 2 180
196 0.423 6 2 180
211896 0.456 6 2 180
61076 0.469 6 2 180
4804 0.439 6 2 180
192 0.431 6 2 180
205320 0.452 6 2 180
192 0.342 6 2 180
4616 0.367 6 2 180
37772 0.522 6 2 180
316440 0.51 6 2 180
62524 0.544 6 2 180
196 0.369 6 2 180
6540 0.423 6 2 180
342464 0.542 6 2 180
7096 0.337 6 2 180
87004 0.553 6 2 180
196 0.395 6 2 180
348312 0.542 6 2 180
9496 0.393 6 2 180
196 0.464 6 2 180
119724 0.466 6 2 180
246516 0.547 6 2 180
284072 0.538 6 2 180
178300 0.576 6 2 180
196 0.442 6 2 180
11876 0.315 6 2 180
7544 0.387 6 2 180
170264 0.535 6 2 180
200 0.36 6 2 180
203180 0.527 6 2 180
9892 0.329 6 2 180
134928 0.563 6 2 180
196 0.355 6 2 180
201456 0.599 6 2 180
63112 0.464 6 2 180
7980 0.315 6 2 180
196 0.308 6 2 180
191752 0.464 6 2 180
71212 0.609 6 2 180
7204 0.415 6 2 180
196 0.464 6 2 180
191320 0.578 6 2 180
5344 0.358 6 2 180
61664 0.612 6 2 180
196 0.441 6 2 180
209424 0.593 6 2 180
5780 0.36 6 2 180
196 0.394 6 2 180
52388 0.529 6 2 180
232180 0.486 6 2 180
7508 0.447 6 2 180
42840 0.569 6 2 180
177720 0.557 6 2 180
