2.183
0.115
0.099
0.074
0.763
2.409
0.174
0.124
0.06
1.776
0.042
0.067
0.174
3.212
1.157
0.291
0.238
1.065
0.502
0.034
0.256
2.313
0.254
0.121
1.675
2.202
2.091
0.032
0.046
3.225
1.075
0.119
0.077
1.155
1.884
0.066
0.047
1.857
1.345
0.042
0.095
1.503
1.382
0.236
0.049
1.796
0.057
0.22
1.081
1.115
0.072
0.16
1.837
1.17
1.162
0.166
0.699
0.054
0.08
0.854
0.344
1.25
1.109
0.202
0.151
0.051
0.564
0.202
0.204
0.284
0.647
0.305
0.052
1.148
2.016
0.513
0.232
0.293
0.522
0.059
0.037
0.587
0.297
0.299
0.076
1.425
0.579
0.034
0.26
1.82
0.051
0.29
1.41
1.136
0.358
1.427
0.036
0.644
0.413
1.285
0.403
1.403
0.41
2.741
0.177
0.039
0.295
0.813
0.184
2.183
1.764
0.396
0.031
1.98
0.426
1.308
0.116
2.075
0.057
0.043
0.946
1.002
1.21
0.409
0.345
1.315
0.297
1.627
0.031
0.399
1.36
0.28
2.704
1.146
0.386
1.389
0.287
0.224
2.717
0.557
0.405
0.399
0.38
0.039
0.643
2.352
0.074
0.208
1.662
2.187
0.049
0.403
2.235
0.941
0.157
2.164
1.204
0.042
0.101
1.433
1.039
0.271
0.31
1.955
0.075
0.05
0.227
1.737
0.257
0.213
0.046
2.035
0.052
1.093
0.084
2.468
0.359
1.809
0.487
0.301
0.245
0.046
0.525
0.719
1.491
1.711
0.03
0.19
0.344
0.395
0.379
2.117
0.039
1.996
0.347
0.055
2.142
0.058
0.046
1.394
0.087
0.032
1.743
1.381
0.423
0.362
0.371
1.475
1.864
1.38
0.308
0.026
0.259
0.228
1.612
1.653
0.088
0.321
0.021
2.194
0.059
2.102
1.115
0.379
2.306
0.54
0.05
2.17
1.309
0.037
0.329
2.02
0.249
0.033
0.098
1.369
0.253
2.068
0.039
0.08
0.042
0.11
0.021
0.554
0.447
0.064
0.107
2.321
1.331
0.3
1.26
0.061
1.347
0.251
0.131
0.077
0.256
1.089
0.034
2.065
1.971
0.326
0.037
2.351
1.241
0.184
0.025
1.252
1.727
0.086
0.225
1.328
1.485
0.293
0.045
2.04
2.459
0.027
0.347
1.644
0.387
0.475
1.927
1.292
0.026
0.201
0.816
2.356
0.037
0.066
1.388
2.989
0.244
0.031
0.4
2.32
0.243
2.386
1.031
0.028
0.2
0.077
0.347
1.942
0.236
0.019
0.067
1.354
0.307
0.051
0.026
2.429
2.38
0.184
0.045
0.022
0.153
0.068
0.422
1.286
0.046
0.258
1.851
0.107
1.135
0.322
0.263
1.314
0.203
0.103
0.187
2.274
0.916
0.112
0.155
2.256
0.027
0.221
1.091
3.21
1.233
0.288
2.616
0.434
0.34
0.503
0.06
2.241
0.056
0.835
2.295
0.071
0.887
0.255
2.206
0.019
0.302
0.962
0.064
2.133
1.25
0.05
1.446
0.02
1.011
0.326
0.066
1.319
0.261
0.423
0.016
2.216
0.235
0.255
0.025
1.545
0.041
0.019
1.558
1.12
1.442
0.148
0.062
1.422
0.043
0.233
1.267
1.885
2.421
0.287
0.251
1.807
0.017
0.095
1.185
0.767
0.38
0.368
0.269
0.85
1.122
0.244
0.014
2.178
1.179
0.29
0.052
1.217
1.005
0.26
0.062
0.95
0.154
0.366
1.331
0.127
0.286
0.291
0.023
1.679
0.254
0.053
1.31
0.261
3.02
0.312
0.155
0.45
1.425
0.036
0.757
0.134
1.549
0.154
0.424
0.028
1.239
0.363
0.136
0.031
1.447
1.246
0.396
0.23
1.52
0.723
0.157
0.259
2.143
0.241
0.053
2.417
3.091
0.063
0.039
3.637
1.964
2.057
0.135
0.08
0.168
2.112
0.15
0.032
0.115
2.179
0.197
0.051
0.024
2.144
0.083
0.188
0.058
1.374
0.26
0.101
0.037
1.245
0.88
0.041
0.052
1.49
0.074
0.2
0.032
1.355
0.92
0.423
0.089
1.289
0.115
0.044
0.042
2.285
0.12
0.386
0.044
2.104
0.861
0.261
0.274
1.394
0.238
0.353
0.04
0.95
0.192
0.033
0.177
2.693
0.992
0.247
0.027
1.704
0.263
0.219
0.363
2.202
1.099
1.697
0.143
0.041
1.641
0.226
0.408
1.282
0.036
0.064
0.714
2.724
0.413
0.047
0.857
2.284
0.098
0.039
1.214
1.53
0.073
2.484
0.97
1.068
0.325
0.036
0.067
1.71
0.177
0.071
0.377
2.42
0.665
0.217
0.332
2.123
0.249
0.048
0.42
2.274
1.271
0.319
0.132
1.995
1.223
0.16
0.087
2.316
1.77
0.366
0.2
2.838
1.194
0.375
0.049
1.595
2.742
5.1
0.25
0.179
0.026
0.088
1.758
2.197
0.096
0.105
2.23
1.067
0.071
3.514
0.133
0.901
2.555
3.172
0.193
0.282
0.03
0.258
0.63
1.754
0.194
0.292
4.406
2.284
0.311
0.028
0.265
2.068
0.989
0.067
0.036
0.156
0.068
0.14
1.202
0.858
0.043
0.215
1.474
1.989
0.039
0.166
3.062
0.41
0.266
0.189
1.903
0.761
1.343
0.024
0.247
0.223
0.347
1.028
0.023
1.377
0.08
0.134
2.418
0.328
0.204
0.266
2.012
0.021
0.308
0.486
2.163
0.141
0.038
0.241
2.007
0.361
0.204
1.009
2.079
1.3
2.935
0.05
0.21
0.052
0.02
2.451
1.959
2.216
0.072
0.1
1.662
1.121
0.019
0.186
1.273
0.83
0.17
0.171
2.236
1.743
0.169
0.061
0.954
0.039
0.122
1.105
5.324
0.266
0.029
1.701
0.035
0.128
2.203
0.431
0.034
1.66
1.304
0.346
2.598
0.291
3.212
0.334
0.129
0.146
2.272
2.577
0.383
1.209
0.335
2.248
0.997
0.04
0.052
2.164
0.189
0.283
0.108
2.257
0.267
0.101
0.085
1.787
0.97
0.31
0.194
2.088
0.139
0.177
0.06
1.711
0.979
0.294
0.288
2.124
0.895
0.022
0.222
2.433
0.324
0.338
0.341
2.257
1.167
0.017
2.376
0.361
0.169
0.35
0.289
2.399
0.18
1.0
3.016
0.021
0.068
1.888
2.138
0.173
0.22
0.988
1.332
0.021
0.208
0.329
0.051
0.017
0.037
0.174
2.956
0.103
0.375
0.073
0.043
0.128
0.029
0.226
0.172
0.017
0.178
0.024
0.06
0.233
0.028
0.04
0.021
0.405
0.248
0.276
0.025
0.02
0.028
1.868
2.708
0.382
0.203
0.018
0.032
0.038
0.254
0.019
0.213
0.183
0.039
0.392
0.3
2.036
0.351
0.018
0.287
0.214
0.146
0.235
1.266
1.836
0.32
0.57
0.35
0.279
1.421
0.29
0.08
1.028
0.149
0.547
0.071
0.301
1.525
0.125
0.668
0.235
2.728
0.509
0.23
0.325
1.16
0.356
0.286
0.464
2.127
0.105
0.29
2.768
0.96
0.094
0.341
0.591
1.203
0.213
3.411
0.337
0.349
0.12
2.372
0.201
0.882
0.092
1.349
0.435
1.097
2.778
0.116
1.282
0.361
0.36
0.766
0.04
0.664
0.393
0.115
0.227
1.35
0.364
0.411
2.235
0.297
2.46
0.07
3.144
1.645
0.061
0.39
3.813
0.131
1.355
0.146
2.184
0.428
0.402
0.075
2.216
1.065
0.112
0.05
1.425
0.426
1.237
0.119
2.37
0.441
1.415
0.053
1.452
0.051
0.366
1.474
2.238
0.439
0.298
2.163
0.045
0.255
1.482
1.387
0.144
0.411
0.727
1.086
0.546
0.089
0.039
0.548
2.847
2.298
0.332
0.37
0.257
0.058
0.036
0.265
1.671
0.048
0.299
0.376
1.663
0.158
1.017
0.042
3.792
0.495
0.248
0.447
1.904
1.351
0.149
0.204
3.86
1.037
0.138
0.381
2.551
2.02
0.098
0.174
3.023
0.119
0.037
1.229
2.117
0.315
0.822
0.316
0.065
0.347
1.358
1.549
0.073
0.297
2.88
0.519
0.675
0.349
0.22
2.164
3.242
0.263
0.243
2.227
0.858
0.066
0.214
1.449
0.625
0.034
0.18
1.397
0.18
0.15
0.108
2.331
0.139
0.615
2.57
0.352
0.077
1.656
1.559
0.251
2.33
0.361
0.39
0.312
0.283
0.352
0.094
2.071
0.044
0.513
0.044
3.734
0.111
0.641
0.035
1.506
1.218
0.111
0.406
0.77
0.338
0.228
0.119
2.328
0.128
0.351
0.281
1.532
1.153
2.363
0.033
0.06
0.133
0.243
1.654
0.357
0.777
2.386
0.05
0.042
0.065
0.135
1.52
0.031
0.109
1.224
2.273
1.207
0.24
0.367
1.58
0.393
0.381
0.388
1.485
0.41
0.057
0.036
2.286
0.045
0.374
0.386
3.063
0.288
1.231
0.522
2.259
0.293
0.048
1.113
2.363
0.34
1.255
0.172
2.345
1.322
0.324
1.712
0.037
1.134
0.32
0.098
1.435
1.037
0.209
0.029
1.354
0.039
0.032
1.297
0.795
0.99
0.109
0.437
1.402
0.913
0.024
0.042
1.549
0.237
0.341
0.029
2.455
0.242
0.03
1.898
0.162
0.381
0.106
2.183
0.289
0.081
0.023
2.034
0.129
0.183
0.33
1.401
0.044
0.431
0.424
1.948
0.062
0.414
0.67
1.84
3.076
0.044
0.089
0.502
0.069
0.511
1.64
0.683
0.723
0.363
0.102
2.436
0.741
0.073
0.373
2.406
0.618
0.064
0.306
3.002
0.078
1.06
0.066
2.249
0.607
0.248
0.194
2.885
0.332
0.03
2.286
0.282
0.277
0.384
0.636
0.271
0.206
0.36
0.407
3.171
0.199
0.821
1.521
0.269
0.117
0.286
0.628
2.234
1.928
0.195
0.208
2.894
0.644
0.035
0.295
2.351
1.17
0.102
0.046
2.355
0.42
1.921
0.339
1.514
2.321
0.268
0.195
1.073
0.29
0.387
1.246
2.151
0.055
0.206
0.917
2.405
0.055
0.025
1.349
1.533
0.762
0.028
0.11
2.222
2.394
0.085
0.037
1.69
0.311
2.175
0.111
0.042
2.347
0.247
0.274
0.474
0.215
1.483
0.053
0.055
1.905
0.186
0.207
0.246
0.086
2.079
0.083
0.326
2.075
0.403
0.123
0.286
0.937
0.884
0.48
0.048
0.039
1.349
0.182
0.073
0.056
3.705
0.278
0.379
1.373
1.181
0.367
0.071
1.335
1.158
0.238
0.326
1.176
2.012
0.1
2.025
0.047
0.573
0.06
0.308
0.08
1.77
0.286
0.066
0.121
3.186
0.335
0.145
0.142
1.914
0.113
3.108
0.205
0.32
0.15
0.214
0.044
1.25
0.248
0.06
2.494
0.17
0.037
0.212
0.038
2.379
0.07
0.271
0.035
1.59
0.312
0.267
0.077
2.446
0.288
0.064
0.254
2.006
0.235
0.335
2.023
0.351
1.573
0.06
0.038
2.054
0.052
2.267
0.977
0.088
0.142
0.654
0.15
0.775
1.936
0.115
2.478
0.314
0.377
0.03
2.364
1.345
0.072
0.39
1.666
1.377
0.674
0.326
0.358
1.026
0.118
0.218
2.515
1.574
1.22
0.309
0.032
1.88
0.401
0.047
0.259
2.219
0.299
0.037
0.236
1.52
0.243
1.461
0.951
0.248
1.803
0.359
0.222
0.818
1.193
0.041
0.117
3.129
0.408
1.193
0.034
2.556
0.979
0.309
0.122
1.953
0.029
0.184
1.535
0.202
0.036
0.002
2.31
0.9
0.09
0.192
0.474
1.127
0.336
0.125
0.155
0.195
0.038
0.039
1.008
0.123
1.414
0.214
0.177
2.323
0.386
0.03
0.334
0.943
0.168
0.154
2.44
0.054
2.66
1.184
0.388
1.366
0.392
0.088
2.353
0.428
0.036
0.14
3.538
0.338
0.342
0.033
2.277
0.414
1.162
0.177
1.595
0.346
0.42
1.022
2.715
1.222
0.03
0.459
1.57
0.221
0.03
0.172
2.411
2.299
0.144
0.213
1.212
0.3
0.127
0.268
2.464
1.993
0.348
0.047
0.047
1.173
0.168
0.342
1.03
0.291
0.412
0.221
1.635
0.279
0.316
1.872
1.535
0.492
0.219
0.059
2.134
0.428
0.218
0.033
1.625
0.252
0.109
0.226
0.923
0.046
0.031
0.238
2.096
0.304
0.168
0.039
2.321
0.028
0.412
0.242
2.336
0.301
0.058
0.037
2.257
0.051
0.385
1.047
3.095
0.342
0.174
1.42
2.397
0.379
0.101
0.337
3.091
1.664
0.305
0.616
1.528
0.058
0.029
2.241
0.648
0.494
0.1
0.186
1.444
0.383
0.023
0.266
3.074
0.151
0.418
2.252
2.094
1.539
0.037
1.606
0.026
2.273
1.212
0.329
0.045
0.046
0.863
0.522
0.064
1.413
0.152
0.191
1.664
0.259
1.211
0.36
1.608
0.049
0.063
1.533
0.416
0.028
0.478
1.541
0.397
0.557
0.171
0.321
1.356
0.034
0.222
0.03
1.468
0.038
0.049
1.976
1.039
0.1
0.465
0.387
2.185
0.283
0.373
0.22
1.511
0.344
0.187
0.021
1.223
0.043
0.247
1.669
0.462
0.118
1.575
1.288
0.311
1.47
0.04
0.044
1.438
0.346
1.636
0.71
0.034
2.224
0.046
0.029
1.472
0.312
0.207
0.347
1.629
0.297
0.154
2.219
1.791
0.104
0.023
0.362
2.465
0.063
1.288
1.678
0.438
2.491
0.305
0.049
0.286
0.03
2.061
1.975
0.049
0.344
2.503
0.299
0.038
1.311
0.091
0.047
2.044
0.307
0.259
2.328
0.902
1.698
0.028
0.209
2.258
0.057
0.122
1.497
1.003
0.076
3.264
0.497
0.051
0.022
1.177
0.387
1.511
0.034
0.444
0.236
1.677
0.044
0.069
1.6
1.235
0.042
0.036
2.068
1.564
0.061
2.319
1.33
0.019
0.03
1.135
0.239
0.039
1.086
0.666
0.345
1.529
0.211
0.031
0.048
1.612
0.277
0.048
2.394
0.388
2.72
0.471
2.599
0.585
0.232
0.322
1.966
0.636
0.098
0.06
0.299
0.054
2.714
0.212
0.077
2.249
2.803
0.134
0.228
1.259
0.614
0.501
0.098
0.112
1.562
0.068
0.213
1.024
0.65
0.446
0.088
0.417
1.688
0.058
1.93
0.047
2.457
0.136
2.365
0.612
0.047
0.07
0.043
1.185
2.423
1.27
0.271
0.062
3.751
0.228
0.037
2.696
1.26
0.151
1.782
1.245
0.251
0.334
0.045
0.372
0.069
0.224
2.549
0.218
0.128
0.316
0.232
2.558
1.002
0.409
0.05
2.526
0.049
0.423
2.483
0.244
0.045
0.386
0.408
2.547
0.255
0.375
0.046
2.528
0.419
1.316
0.999
0.045
0.294
1.012
0.418
1.68
0.433
0.548
0.233
3.119
0.038
0.137
2.817
0.175
0.985
0.061
0.111
0.916
0.683
0.049
0.422
2.615
2.463
1.341
0.231
0.052
1.914
0.25
0.338
1.732
0.23
0.26
0.136
0.236
1.642
0.349
0.061
1.054
1.675
0.205
0.315
0.103
1.646
0.148
2.541
4.793
0.045
2.805
0.361
0.128
1.706
0.385
2.326
0.685
0.372
0.057
1.539
0.309
2.144
0.428
0.068
0.407
2.194
0.088
0.693
0.098
2.501
0.506
0.253
0.28
0.053
2.299
0.431
0.042
2.191
0.278
0.331
0.34
1.849
0.368
0.136
0.219
2.675
1.207
0.2
0.255
2.557
0.042
0.268
0.272
0.086
2.526
1.936
1.26
0.047
0.125
0.112
1.941
1.074
0.367
0.059
0.314
2.696
0.403
0.309
0.429
2.651
0.061
0.283
0.601
2.664
1.024
0.235
0.122
2.42
0.158
0.296
2.169
0.669
1.215
0.056
0.293
1.434
3.423
0.412
0.399
3.547
1.371
0.243
0.043
0.036
2.045
0.251
1.53
0.267
2.431
0.058
0.662
0.37
1.807
1.235
0.051
0.096
2.84
1.203
0.31
2.08
0.909
0.038
0.211
0.366
2.334
0.262
0.12
0.217
1.614
0.04
0.068
1.693
0.543
0.308
0.355
2.154
0.224
0.148
0.255
1.09
0.088
0.286
0.194
2.552
3.615
0.056
0.043
1.442
0.19
0.301
0.382
0.042
1.837
0.383
0.491
0.351
1.789
0.361
0.068
0.226
2.471
0.325
0.158
1.099
1.364
0.073
0.28
2.597
0.551
1.645
1.068
0.044
0.198
1.062
0.361
0.258
2.517
0.07
2.47
0.473
0.103
1.293
0.055
0.314
2.7
0.06
2.169
1.023
0.514
0.055
0.503
0.041
2.337
0.996
0.22
0.177
3.459
0.291
0.269
0.268
0.027
2.714
2.338
0.624
0.409
0.38
0.089
0.059
0.053
2.546
3.176
0.288
0.355
0.045
0.42
0.121
0.05
0.035
2.449
1.46
0.145
0.219
0.14
0.567
0.132
1.451
0.232
0.301
0.103
0.053
1.783
2.57
0.203
0.057
1.591
0.273
0.235
0.121
0.038
0.196
2.508
0.237
0.335
0.237
2.097
0.275
0.207
1.291
0.193
0.342
0.28
2.241
2.231
0.591
0.054
0.063
1.692
0.048
0.343
2.564
1.037
0.397
0.129
0.063
1.745
0.14
0.222
1.993
0.44
0.478
0.226
0.224
2.526
0.146
0.246
0.053
2.5
0.495
0.066
0.998
3.422
0.033
0.388
1.297
0.213
2.99
1.302
0.214
2.741
0.488
0.091
2.482
0.27
1.308
0.066
0.248
3.087
0.061
0.045
2.662
2.832
1.617
0.062
0.064
3.574
0.181
2.063
0.064
3.241
0.699
0.331
0.411
3.087
0.054
1.278
0.036
3.562
1.369
0.072
0.035
2.043
1.396
0.123
0.268
1.772
0.341
0.381
2.185
0.22
0.034
1.871
0.174
3.31
0.209
0.205
0.697
3.661
0.389
0.093
0.068
2.207
0.38
0.205
0.217
2.779
0.357
0.184
0.213
3.231
0.653
0.074
0.19
2.71
0.326
0.3
0.08
1.914
0.341
0.308
0.081
2.115
0.352
0.093
0.52
2.736
0.394
0.087
0.776
2.26
0.087
0.562
0.331
2.77
0.121
0.062
1.279
3.024
1.187
2.669
0.092
0.106
0.066
0.352
0.519
1.504
0.08
0.094
0.443
3.523
0.356
0.239
0.281
3.04
0.067
1.201
0.206
2.011
1.147
0.071
0.251
2.892
0.644
0.115
0.168
2.84
0.264
0.956
0.059
1.768
0.321
2.669
0.218
2.976
0.271
3.009
3.337
0.206
0.207
3.161
3.037
1.936
0.076
0.325
2.851
0.786
2.035
0.282
2.564
2.145
0.136
0.449
1.948
0.112
1.089
0.207
1.774
2.153
0.286
0.352
2.873
1.302
0.078
0.103
2.169
0.081
0.379
0.39
3.055
1.155
0.119
0.064
2.101
0.47
1.039
0.23
3.242
0.081
0.073
1.016
3.312
0.868
0.083
0.394
3.35
0.688
0.195
0.443
3.796
0.108
2.991
0.293
2.467
0.42
0.193
4.364
2.208
0.079
3.184
0.065
2.188
0.162
0.347
1.704
3.016
2.928
0.401
3.86
3.5
0.282
0.31
2.431
0.393
1.188
0.27
3.302
0.087
0.05
4.204
2.161
0.094
0.243
1.774
3.003
0.254
0.322
1.956
2.092
0.09
3.598
3.344
0.412
0.26
2.08
0.411
3.137
1.308
0.074
0.343
2.806
1.412
0.278
0.365
3.894
1.464
0.204
0.088
3.234
0.315
0.845
0.296
3.816
0.718
0.076
0.058
2.792
0.124
0.736
0.427
3.456
0.388
2.495
0.08
4.455
2.151
0.136
0.411
3.435
1.246
0.303
0.368
3.919
0.368
2.405
0.405
3.315
0.156
0.225
1.979
3.454
0.405
0.063
2.244
1.736
0.071
0.86
0.43
3.535
0.382
0.057
1.234
4.031
2.013
0.329
3.266
0.104
0.45
2.043
0.409
3.145
4.767
0.177
0.311
3.086
0.058
1.223
0.38
3.116
1.539
0.327
0.07
3.998
0.289
1.657
0.423
2.057
0.178
0.145
1.858
2.528
0.083
0.603
3.281
0.222
1.774
0.067
0.052
2.096
1.3
0.071
0.314
3.024
0.432
0.065
0.077
2.947
0.508
0.377
0.272
3.261
0.22
0.323
1.406
2.466
0.356
0.645
0.266
2.76
0.224
0.068
0.583
2.325
0.058
0.622
0.044
3.07
0.439
0.38
0.198
2.888
0.181
0.651
0.051
3.373
0.094
0.158
0.752
3.53
0.971
0.06
0.11
3.317
1.207
0.171
0.19
3.195
0.056
0.055
0.501
4.041
0.408
2.017
0.272
2.814
0.266
0.043
2.946
3.939
2.052
0.259
0.291
2.372
0.734
0.168
0.051
3.778
0.235
0.676
0.239
2.169
0.421
0.775
0.05
2.71
0.273
0.557
0.403
3.093
0.066
0.042
0.777
2.882
0.108
0.725
0.383
2.082
1.487
0.046
0.555
3.129
0.212
0.494
0.089
4.992
0.072
0.05
0.773
4.491
0.042
1.444
0.326
3.531
0.114
1.827
0.095
3.744
2.001
0.341
0.328
2.526
2.182
0.338
0.175
2.565
0.062
2.351
0.277
2.006
0.305
2.751
0.381
2.838
1.383
0.094
0.244
4.414
0.063
0.067
0.792
2.353
0.453
0.053
1.393
0.121
0.999
0.095
2.428
0.678
0.051
0.051
3.976
0.047
0.212
1.28
4.725
0.817
0.14
0.314
3.832
0.122
0.971
0.383
3.271
0.063
0.334
1.914
2.959
3.572
2.838
0.353
0.256
0.392
2.441
0.291
3.134
0.124
1.959
0.049
3.135
1.422
0.317
0.27
2.194
1.66
0.247
0.269
2.981
0.161
0.632
0.371
3.12
0.346
0.23
0.617
3.226
0.143
0.712
2.998
