1.243
0.115
0.098
0.073
0.573
1.344
0.103
0.122
0.059
0.949
0.041
0.036
0.173
1.688
0.648
0.287
0.238
0.575
0.305
0.034
0.254
1.238
0.253
0.119
0.941
1.156
1.157
0.032
0.045
1.699
0.594
0.119
0.076
0.661
1.003
0.065
0.047
0.989
0.782
0.041
0.094
0.859
0.738
0.235
0.049
0.964
0.056
0.219
0.608
0.708
0.071
0.16
0.978
0.655
0.725
0.166
0.407
0.054
0.08
0.46
0.344
0.7
0.605
0.127
0.15
0.051
0.358
0.127
0.203
0.284
0.357
0.286
0.052
0.628
1.108
0.284
0.231
0.292
0.435
0.059
0.037
0.353
0.177
0.298
0.076
0.856
0.579
0.034
0.169
1.058
0.051
0.29
0.781
0.611
0.357
0.783
0.036
0.345
0.412
0.708
0.402
0.796
0.409
1.483
0.126
0.039
0.294
0.455
0.184
1.179
1.318
0.396
0.031
1.058
0.426
0.721
0.116
1.102
0.057
0.042
0.78
0.57
0.748
0.409
0.344
0.726
0.297
1.153
0.03
0.398
0.752
0.279
1.699
0.668
0.385
0.789
0.286
0.224
1.559
0.359
0.404
0.398
0.222
0.038
0.397
1.282
0.074
0.207
0.908
1.188
0.048
0.403
1.264
0.508
0.156
1.185
0.667
0.042
0.1
0.802
0.566
0.27
0.31
1.042
0.074
0.05
0.138
1.109
0.256
0.132
0.046
1.072
0.051
0.603
0.084
1.391
0.358
1.016
0.487
0.186
0.245
0.046
0.393
0.446
0.801
0.938
0.03
0.189
0.235
0.394
0.379
1.111
0.039
1.095
0.224
0.055
1.13
0.057
0.046
0.767
0.086
0.032
0.92
0.87
0.262
0.361
0.371
0.81
1.159
0.788
0.308
0.026
0.259
0.227
0.882
1.062
0.087
0.215
0.021
1.191
0.059
1.114
0.612
0.378
1.834
0.54
0.049
1.152
0.804
0.036
0.329
1.079
0.154
0.033
0.097
0.764
0.252
1.091
0.027
0.079
0.042
0.07
0.021
0.361
0.446
0.047
0.107
1.246
0.735
0.299
0.734
0.061
0.765
0.25
0.085
0.077
0.255
0.588
0.034
1.1
1.454
0.325
0.036
1.596
0.693
0.184
0.025
0.698
0.92
0.086
0.225
0.733
0.795
0.293
0.045
1.097
1.309
0.027
0.346
1.055
0.387
0.475
1.057
0.691
0.025
0.201
0.615
1.252
0.036
0.066
0.815
1.572
0.145
0.031
0.399
1.312
0.242
1.295
0.562
0.028
0.137
0.076
0.347
1.082
0.153
0.019
0.067
0.847
0.244
0.05
0.025
1.337
1.378
0.122
0.044
0.022
0.1
0.067
0.421
0.717
0.046
0.257
1.026
0.067
0.679
0.322
0.263
1.099
0.136
0.103
0.187
1.281
0.488
0.112
0.154
1.208
0.027
0.22
0.594
2.135
0.684
0.288
1.649
0.433
0.34
0.296
0.06
1.24
0.056
0.474
1.24
0.071
0.506
0.249
1.255
0.019
0.302
0.522
0.063
1.167
0.708
0.049
0.796
0.02
0.948
0.326
0.066
0.736
0.171
0.423
0.016
1.181
0.235
0.17
0.025
0.96
0.041
0.019
0.995
0.607
0.827
0.147
0.061
0.778
0.043
0.233
0.697
1.302
1.421
0.287
0.251
0.965
0.017
0.095
0.66
0.526
0.259
0.368
0.268
0.49
0.608
0.243
0.014
1.197
0.653
0.29
0.052
0.657
0.547
0.26
0.062
0.76
0.154
0.366
0.741
0.094
0.212
0.29
0.023
1.017
0.174
0.052
0.761
0.261
2.221
0.311
0.154
0.301
0.848
0.036
0.472
0.131
0.875
0.152
0.32
0.028
0.705
0.254
0.134
0.031
0.836
0.714
0.394
0.229
0.869
0.429
0.155
0.258
1.385
0.239
0.053
1.331
1.688
0.061
0.039
2.656
1.099
1.148
0.134
0.08
0.115
1.145
0.15
0.031
0.087
1.233
0.167
0.051
0.024
1.149
0.069
0.188
0.057
0.79
0.173
0.1
0.036
0.706
0.467
0.041
0.051
0.843
0.063
0.199
0.032
0.783
0.499
0.423
0.089
0.887
0.086
0.044
0.042
1.249
0.084
0.386
0.044
1.151
0.465
0.26
0.273
0.786
0.167
0.352
0.04
0.566
0.192
0.033
0.12
1.467
0.553
0.246
0.027
1.115
0.176
0.218
0.363
1.198
0.594
0.923
0.142
0.041
1.064
0.225
0.407
0.756
0.036
0.063
0.443
1.486
0.413
0.046
0.47
1.28
0.098
0.039
0.67
0.905
0.072
1.416
0.522
0.625
0.325
0.036
0.067
1.008
0.124
0.07
0.376
1.354
0.587
0.217
0.332
1.17
0.168
0.047
0.42
1.253
0.723
0.319
0.131
1.163
0.765
0.159
0.087
1.265
0.963
0.366
0.2
1.516
0.662
0.375
0.049
0.904
1.483
3.997
0.25
0.179
0.025
0.087
1.0
1.311
0.096
0.105
1.226
0.626
0.07
1.907
0.133
0.527
1.415
1.698
0.192
0.282
0.03
0.258
0.358
0.976
0.193
0.291
2.433
1.248
0.31
0.028
0.174
1.134
0.543
0.066
0.036
0.109
0.068
0.139
0.734
0.538
0.043
0.214
0.838
1.061
0.039
0.165
1.636
0.33
0.266
0.188
1.033
0.418
0.766
0.024
0.247
0.222
0.347
0.553
0.023
0.774
0.079
0.094
1.486
0.328
0.203
0.187
1.148
0.021
0.307
0.301
1.175
0.141
0.038
0.176
1.144
0.361
0.204
0.562
1.154
0.76
1.593
0.05
0.21
0.051
0.02
1.345
1.082
1.228
0.072
0.1
1.078
0.628
0.019
0.185
0.727
0.744
0.17
0.17
1.265
0.947
0.168
0.061
0.554
0.038
0.122
0.628
4.401
0.265
0.029
1.036
0.034
0.127
1.276
0.431
0.033
0.982
0.771
0.346
1.487
0.291
1.846
0.334
0.103
0.146
1.335
1.666
0.382
0.67
0.335
1.322
0.542
0.04
0.051
1.181
0.137
0.283
0.108
1.232
0.204
0.101
0.084
1.004
0.519
0.31
0.193
1.129
0.139
0.136
0.06
0.953
0.542
0.294
0.288
1.164
0.609
0.022
0.222
1.334
0.265
0.337
0.34
1.223
0.64
0.017
1.294
0.361
0.168
0.233
0.288
1.307
0.18
0.554
1.617
0.021
0.067
1.042
1.156
0.172
0.22
0.587
0.768
0.021
0.207
0.329
0.051
0.016
0.036
0.174
1.596
0.102
0.375
0.072
0.042
0.113
0.028
0.226
0.171
0.016
0.177
0.024
0.06
0.232
0.027
0.039
0.02
0.405
0.248
0.275
0.024
0.019
0.028
1.038
1.458
0.381
0.202
0.018
0.031
0.038
0.254
0.018
0.212
0.182
0.039
0.392
0.3
1.121
0.351
0.018
0.287
0.152
0.146
0.234
0.796
1.2
0.32
0.491
0.349
0.279
0.91
0.288
0.079
0.789
0.121
0.441
0.068
0.301
0.899
0.125
0.452
0.233
1.575
0.424
0.228
0.324
0.96
0.353
0.285
0.34
1.268
0.104
0.29
1.64
0.88
0.093
0.341
0.49
0.784
0.212
2.192
0.337
0.288
0.119
1.457
0.201
0.691
0.091
0.897
0.435
0.88
1.578
0.115
0.769
0.361
0.359
0.538
0.04
0.48
0.392
0.101
0.227
0.795
0.364
0.41
1.281
0.297
1.374
0.069
1.738
0.993
0.06
0.389
2.392
0.13
0.829
0.146
1.234
0.308
0.401
0.074
1.249
0.634
0.111
0.049
1.2
0.425
0.726
0.118
1.367
0.441
0.829
0.053
0.875
0.051
0.365
0.841
1.267
0.438
0.235
1.228
0.045
0.254
0.892
0.837
0.144
0.41
0.48
0.691
0.546
0.088
0.039
0.443
1.59
1.284
0.331
0.37
0.193
0.057
0.036
0.214
1.015
0.047
0.241
0.376
1.271
0.158
0.586
0.042
2.417
0.364
0.248
0.447
1.097
0.812
0.148
0.203
2.1
0.617
0.137
0.381
1.447
1.123
0.097
0.173
1.86
0.118
0.037
0.73
1.172
0.314
0.516
0.316
0.064
0.346
1.153
0.984
0.072
0.22
1.572
0.519
0.573
0.349
0.22
1.203
1.798
0.262
0.243
1.251
0.679
0.065
0.214
0.856
0.418
0.034
0.18
0.838
0.134
0.149
0.108
1.313
0.139
0.506
1.516
0.351
0.076
1.161
0.928
0.251
1.31
0.36
0.39
0.239
0.208
0.352
0.093
1.165
0.043
0.373
0.044
2.019
0.111
0.561
0.035
0.911
0.7
0.11
0.406
0.539
0.262
0.228
0.119
1.344
0.127
0.351
0.217
0.932
0.728
1.315
0.032
0.06
0.133
0.193
1.078
0.356
0.471
1.36
0.05
0.042
0.064
0.135
0.953
0.031
0.108
0.782
1.279
0.715
0.239
0.367
0.934
0.393
0.295
0.388
0.879
0.309
0.056
0.035
1.313
0.045
0.281
0.386
1.696
0.287
0.729
0.522
1.302
0.292
0.048
0.651
1.338
0.339
1.117
0.172
1.334
0.802
0.323
1.187
0.037
0.669
0.319
0.098
0.849
0.846
0.209
0.029
0.817
0.039
0.032
1.066
0.475
0.563
0.109
0.437
0.856
0.518
0.024
0.042
0.933
0.237
0.262
0.029
1.472
0.241
0.03
1.31
0.128
0.381
0.105
1.271
0.221
0.08
0.023
1.145
0.128
0.152
0.33
0.882
0.044
0.431
0.353
1.333
0.062
0.414
0.544
1.303
1.702
0.044
0.088
0.451
0.069
0.511
1.113
0.494
0.643
0.363
0.101
1.45
0.489
0.072
0.373
1.358
0.384
0.063
0.306
1.622
0.078
0.605
0.066
1.264
0.503
0.247
0.193
1.928
0.332
0.03
1.32
0.223
0.194
0.384
0.468
0.271
0.205
0.36
0.355
1.737
0.198
0.517
0.925
0.268
0.116
0.286
0.41
1.251
1.077
0.195
0.207
1.644
0.429
0.035
0.294
1.308
0.86
0.102
0.046
1.342
0.419
1.079
0.339
0.903
1.341
0.267
0.195
0.855
0.289
0.387
0.736
1.194
0.055
0.206
0.691
1.388
0.055
0.025
0.824
0.913
0.485
0.027
0.11
1.266
1.351
0.085
0.036
1.049
0.311
1.348
0.11
0.041
1.394
0.23
0.222
0.472
0.214
0.92
0.052
0.054
1.379
0.16
0.176
0.244
0.085
1.222
0.082
0.326
1.255
0.297
0.121
0.286
0.638
0.591
0.396
0.046
0.039
0.835
0.156
0.071
0.055
2.02
0.276
0.379
0.87
0.713
0.366
0.071
0.846
0.7
0.237
0.326
0.742
1.18
0.099
1.204
0.047
0.496
0.059
0.252
0.08
1.064
0.223
0.066
0.12
1.767
0.334
0.127
0.142
1.329
0.113
1.73
0.185
0.319
0.149
0.172
0.044
0.825
0.248
0.06
1.439
0.149
0.036
0.176
0.037
1.383
0.069
0.209
0.035
0.988
0.244
0.267
0.077
1.43
0.236
0.064
0.253
1.212
0.234
0.335
1.194
0.278
0.988
0.059
0.037
1.231
0.052
1.306
0.612
0.088
0.141
0.473
0.149
0.569
1.356
0.114
1.412
0.314
0.377
0.03
1.366
0.85
0.071
0.39
1.02
0.849
0.511
0.325
0.357
0.706
0.117
0.218
1.467
0.969
0.738
0.308
0.031
1.106
0.401
0.046
0.207
1.3
0.299
0.036
0.185
0.937
0.242
0.896
0.6
0.248
1.333
0.358
0.221
0.58
0.715
0.041
0.117
1.736
0.407
0.698
0.033
1.612
0.575
0.309
0.122
1.134
0.028
0.184
0.953
0.168
0.036
0.001
1.34
0.514
0.089
0.163
0.474
0.739
0.335
0.125
0.139
0.173
0.038
0.039
0.66
0.122
1.161
0.213
0.166
1.334
0.3
0.03
0.334
0.605
0.167
0.153
1.402
0.053
1.598
0.775
0.387
0.827
0.392
0.087
1.383
0.348
0.035
0.139
1.954
0.337
0.263
0.033
1.319
0.413
0.704
0.177
0.975
0.346
0.42
0.667
1.758
0.742
0.03
0.458
0.951
0.221
0.03
0.15
1.389
1.331
0.144
0.212
0.725
0.249
0.127
0.268
1.42
1.176
0.315
0.047
0.046
0.708
0.168
0.341
0.865
0.235
0.411
0.221
1.015
0.278
0.316
1.248
0.944
0.328
0.219
0.059
1.483
0.428
0.174
0.033
0.989
0.212
0.109
0.225
0.641
0.046
0.031
0.193
1.489
0.243
0.168
0.038
1.381
0.027
0.412
0.199
1.356
0.251
0.058
0.037
1.317
0.051
0.385
0.62
1.765
0.342
0.174
1.001
1.438
0.292
0.1
0.337
1.744
1.075
0.305
0.616
0.935
0.058
0.029
1.302
0.513
0.411
0.099
0.185
0.885
0.383
0.023
0.219
1.718
0.15
0.417
1.622
1.222
0.938
0.036
1.001
0.026
1.318
0.73
0.329
0.045
0.045
0.64
0.39
0.064
0.865
0.152
0.191
1.295
0.258
0.744
0.36
0.991
0.048
0.062
0.951
0.314
0.027
0.478
0.952
0.332
0.491
0.171
0.32
0.96
0.033
0.185
0.03
0.932
0.038
0.048
1.176
0.619
0.1
0.341
0.387
1.274
0.235
0.372
0.22
0.922
0.344
0.164
0.021
0.832
0.042
0.247
1.082
0.359
0.117
0.966
0.778
0.311
0.911
0.04
0.043
0.901
0.338
1.019
0.569
0.034
1.28
0.045
0.028
0.951
0.311
0.207
0.278
0.991
0.297
0.154
1.289
1.043
0.103
0.023
0.29
1.438
0.062
0.778
1.066
0.438
1.521
0.252
0.048
0.286
0.029
1.462
1.123
0.048
0.344
1.584
0.25
0.037
0.803
0.091
0.046
1.472
0.307
0.259
1.346
0.589
0.984
0.028
0.209
1.284
0.057
0.122
0.933
0.594
0.076
1.834
0.379
0.051
0.022
0.767
0.386
0.937
0.034
0.353
0.235
1.026
0.044
0.069
1.02
0.744
0.041
0.036
1.184
0.966
0.061
1.339
0.823
0.018
0.029
0.938
0.194
0.038
0.637
0.666
0.345
0.948
0.187
0.031
0.048
1.017
0.217
0.047
1.409
0.388
1.783
0.47
1.832
0.47
0.231
0.322
1.268
0.513
0.096
0.058
0.245
0.054
1.572
0.21
0.077
1.414
2.066
0.132
0.227
1.06
0.416
0.422
0.096
0.112
1.071
0.067
0.213
0.808
0.597
0.395
0.087
0.417
1.172
0.056
1.175
0.046
1.54
0.135
1.453
0.51
0.047
0.069
0.042
0.73
1.463
0.891
0.27
0.061
2.242
0.227
0.037
1.694
1.094
0.151
1.193
0.804
0.25
0.285
0.044
0.372
0.068
0.224
1.946
0.208
0.127
0.315
0.204
1.589
0.599
0.408
0.049
1.549
0.048
0.423
1.514
0.219
0.045
0.349
0.407
1.594
0.221
0.375
0.046
1.568
0.418
0.963
0.587
0.044
0.294
0.622
0.418
1.127
0.432
0.486
0.233
1.829
0.038
0.137
1.777
0.17
0.681
0.061
0.111
0.745
0.616
0.049
0.421
1.609
1.556
0.869
0.23
0.052
1.27
0.249
0.338
1.155
0.209
0.223
0.135
0.236
1.089
0.348
0.061
0.64
1.127
0.205
0.255
0.102
1.12
0.147
1.544
3.175
0.045
2.078
0.361
0.127
1.155
0.384
1.47
0.541
0.372
0.056
0.968
0.308
1.34
0.345
0.067
0.407
1.383
0.087
0.562
0.098
1.52
0.415
0.252
0.28
0.052
1.438
0.392
0.042
1.383
0.24
0.331
0.34
1.177
0.3
0.136
0.218
1.698
0.735
0.199
0.255
1.562
0.042
0.232
0.271
0.086
1.574
1.285
0.808
0.046
0.124
0.111
1.306
0.667
0.333
0.058
0.313
1.664
0.348
0.308
0.429
1.64
0.061
0.283
0.54
1.641
0.614
0.235
0.121
1.494
0.157
0.296
1.394
0.483
0.771
0.056
0.293
1.002
2.038
0.412
0.399
2.107
0.954
0.218
0.043
0.036
1.367
0.25
0.992
0.267
1.468
0.058
0.531
0.369
1.177
0.777
0.05
0.096
1.668
0.749
0.31
1.286
0.812
0.038
0.211
0.365
1.426
0.253
0.12
0.216
1.057
0.04
0.067
1.139
0.423
0.308
0.355
1.387
0.204
0.148
0.229
0.677
0.088
0.285
0.193
1.601
2.237
0.056
0.042
1.299
0.187
0.261
0.381
0.042
1.224
0.383
0.491
0.293
1.219
0.312
0.067
0.225
1.512
0.325
0.158
0.681
0.98
0.073
0.28
1.61
0.512
1.111
0.635
0.044
0.198
0.666
0.36
0.258
1.546
0.07
1.544
0.396
0.102
0.835
0.055
0.314
1.673
0.059
1.374
0.615
0.514
0.054
0.45
0.041
1.552
0.59
0.22
0.176
2.051
0.29
0.23
0.267
0.027
1.697
1.478
0.594
0.344
0.379
0.089
0.059
0.053
2.18
2.229
0.253
0.329
0.045
0.42
0.121
0.05
0.035
1.519
1.003
0.135
0.207
0.139
0.567
0.131
1.017
0.212
0.301
0.102
0.052
1.194
1.618
0.19
0.056
1.034
0.246
0.218
0.12
0.038
0.196
1.565
0.215
0.335
0.237
1.306
0.274
0.198
0.827
0.193
0.342
0.28
1.44
1.388
0.398
0.054
0.062
1.085
0.047
0.343
1.588
0.632
0.338
0.128
0.062
1.177
0.139
0.222
1.415
0.362
0.396
0.225
0.223
1.562
0.146
0.215
0.053
1.545
0.494
0.066
0.593
2.113
0.033
0.387
0.844
0.212
1.921
0.811
0.214
1.695
0.39
0.09
1.512
0.27
0.822
0.065
0.247
2.032
0.061
0.045
1.653
1.737
1.245
0.062
0.063
2.112
0.18
1.228
0.063
1.947
0.557
0.33
0.411
1.874
0.053
0.879
0.036
2.102
0.889
0.071
0.035
1.444
0.878
0.122
0.268
1.187
0.341
0.381
1.287
0.22
0.034
1.15
0.174
2.385
0.208
0.204
0.632
2.447
0.349
0.091
0.068
1.589
0.345
0.203
0.216
1.91
0.322
0.182
0.213
2.306
0.55
0.072
0.189
2.04
0.302
0.298
0.079
1.434
0.34
0.295
0.081
1.633
0.351
0.092
0.466
1.892
0.392
0.087
0.677
1.696
0.086
0.502
0.33
1.906
0.12
0.062
0.873
2.015
0.802
1.832
0.091
0.106
0.066
0.351
0.47
1.236
0.08
0.094
0.409
2.316
0.329
0.239
0.28
2.177
0.067
0.818
0.205
1.497
0.767
0.071
0.251
2.013
0.566
0.114
0.168
1.975
0.263
0.832
0.059
1.519
0.32
1.855
0.218
2.051
0.27
2.314
2.281
0.205
0.206
2.29
2.168
1.451
0.075
0.324
2.04
0.785
1.514
0.282
1.853
1.542
0.135
0.449
1.459
0.111
0.957
0.206
1.35
1.443
0.285
0.352
1.923
0.858
0.077
0.103
1.587
0.08
0.343
0.389
2.049
0.746
0.118
0.063
1.878
0.47
0.865
0.23
2.31
0.081
0.073
0.898
2.262
0.753
0.082
0.394
2.328
0.614
0.194
0.443
2.39
0.107
2.029
0.292
1.826
0.419
0.193
2.986
1.631
0.078
2.127
0.065
1.598
0.161
0.347
1.224
2.033
1.956
0.401
2.623
2.338
0.281
0.31
1.847
0.392
1.019
0.27
2.254
0.087
0.05
3.051
1.606
0.094
0.243
1.264
2.036
0.254
0.322
1.425
1.517
0.09
2.579
2.292
0.412
0.259
1.646
0.411
2.148
1.162
0.073
0.343
2.033
1.036
0.277
0.364
2.516
1.132
0.203
0.087
2.281
0.314
0.74
0.296
2.483
0.613
0.075
0.057
2.119
0.123
0.625
0.427
2.399
0.388
1.743
0.079
3.067
1.458
0.136
0.411
2.448
1.096
0.302
0.367
2.76
0.368
1.748
0.405
2.368
0.156
0.225
1.431
2.465
0.405
0.063
1.52
1.456
0.07
0.735
0.429
2.48
0.382
0.057
0.927
2.668
1.588
0.328
2.469
0.104
0.449
1.498
0.409
2.186
3.286
0.176
0.31
2.161
0.058
1.096
0.38
2.159
1.021
0.327
0.069
2.602
0.288
1.191
0.423
1.474
0.177
0.145
1.275
1.776
0.083
0.548
2.222
0.222
1.254
0.067
0.052
1.537
0.858
0.066
0.314
2.071
0.39
0.064
0.077
1.956
0.446
0.377
0.272
2.234
0.22
0.323
0.889
1.831
0.356
0.598
0.266
1.871
0.223
0.067
0.54
1.699
0.058
0.479
0.044
2.07
0.39
0.38
0.197
2.257
0.18
0.58
0.051
2.358
0.094
0.158
0.625
2.354
0.867
0.06
0.109
2.278
0.923
0.171
0.189
2.191
0.055
0.055
0.447
2.639
0.408
1.78
0.272
2.224
0.266
0.043
2.061
2.975
1.461
0.258
0.291
1.783
0.628
0.167
0.051
2.436
0.234
0.608
0.239
1.586
0.421
0.605
0.05
1.87
0.273
0.491
0.403
2.124
0.065
0.042
0.673
1.92
0.108
0.635
0.383
1.692
0.983
0.046
0.555
2.165
0.212
0.449
0.089
3.18
0.071
0.05
0.662
3.06
0.042
0.991
0.326
2.472
0.114
1.31
0.095
2.415
1.458
0.335
0.328
1.866
1.5
0.337
0.175
1.816
0.061
1.78
0.277
1.581
0.304
1.974
0.381
2.091
1.05
0.093
0.244
3.361
0.062
0.066
0.684
1.716
0.453
0.053
1.248
0.12
0.867
0.095
1.787
0.595
0.051
0.051
2.613
0.046
0.211
0.849
3.16
0.656
0.14
0.314
2.735
0.122
0.839
0.383
2.629
0.062
0.334
1.344
2.156
2.505
1.892
0.353
0.255
0.392
1.683
0.291
2.156
0.123
1.382
0.048
2.091
0.968
0.317
0.27
1.716
1.156
0.246
0.269
2.019
0.161
0.551
0.371
2.098
0.345
0.229
0.546
2.251
0.143
0.662
1.996
