0.1
0.1
0.1
0.1
0.1
0.115
0.115
0.115
0.115
0.115
0.155
0.155
0.155
0.155
0.155
0.155
0.155
0.155
0.155
0.155
0.16
0.16
0.16
0.16
0.16
0.16
0.16
0.16
0.16
0.16
0.195
0.195
0.195
0.195
0.195
0.195
0.195
0.195
0.195
0.195
0.198
0.198
0.198
0.198
0.198
0.163
0.163
0.163
0.163
0.163
0.163
0.163
0.163
0.163
0.163
0.128
0.128
0.128
0.128
0.128
0.128
0.128
0.128
0.128
0.128
0.118
0.118
0.118
0.118
0.118
0.118
0.118
0.118
0.118
0.118
0.103
0.103
0.103
0.103
0.103
0.101
0.101
0.101
0.101
0.101
0.136
0.136
0.136
0.136
0.136
0.146
0.146
0.146
0.146
0.146
0.146
0.146
0.146
0.146
0.146
0.151
0.151
0.151
0.151
0.151
0.151
0.151
0.151
0.151
0.151
0.151
0.151
0.151
0.151
0.151
0.181
0.181
0.181
0.181
0.181
0.191
0.191
0.191
0.191
0.191
0.191
0.191
0.191
0.191
0.191
0.181
0.181
0.181
0.181
0.181
0.181
0.181
0.181
0.181
0.181
0.151
0.151
0.151
0.151
0.151
0.141
0.141
0.141
0.141
0.141
0.141
0.141
0.141
0.141
0.141
0.101
0.101
0.101
0.101
0.101
0.1
0.1
0.1
0.1
0.1
0.1
0.1
0.1
0.1
0.1
0.115
0.115
0.115
0.115
0.115
0.115
0.115
0.115
0.115
0.115
0.12
0.12
0.12
0.12
0.12
0.12
0.12
0.12
0.12
0.12
0.135
0.135
0.135
0.135
0.135
0.14
0.14
0.14
0.14
0.14
0.14
0.14
0.14
0.14
0.14
0.145
0.145
0.145
0.145
0.145
0.145
0.145
0.145
0.145
0.145
0.145
0.145
0.145
0.145
0.145
0.145
0.145
0.145
0.145
0.145
0.145
0.145
0.145
0.145
0.145
0.155
0.155
0.155
0.155
0.155
0.155
0.155
0.155
0.155
0.155
0.195
0.195
0.195
0.195
0.195
0.195
0.195
0.195
0.195
0.195
0.198
0.198
0.198
0.198
0.198
0.198
0.198
0.198
0.198
0.198
0.173
0.173
0.173
0.173
0.173
0.173
0.173
0.173
0.173
0.173
0.163
0.163
0.163
0.163
0.163
0.148
0.148
0.148
0.148
0.148
0.118
0.118
0.118
0.118
0.118
0.113
0.113
0.113
0.113
0.113
0.113
0.113
0.113
0.113
0.113
0.106
0.106
0.106
0.106
0.106
0.121
0.121
0.121
0.121
0.121
0.161
0.161
0.161
0.161
0.161
0.161
0.161
0.161
0.161
0.161
0.161
0.161
0.161
0.161
0.161
0.196
0.196
0.196
0.196
0.196
0.196
0.196
0.196
0.196
0.196
0.191
0.191
0.191
0.191
0.191
0.191
0.191
0.191
0.191
0.191
0.186
0.186
0.186
0.186
0.186
0.186
0.186
0.186
0.186
0.186
0.171
0.171
0.171
0.171
0.171
0.171
0.171
0.171
0.171
0.171
0.161
0.161
0.161
0.161
0.161
0.161
0.161
0.161
0.161
0.161
0.131
0.131
0.131
0.131
0.131
0.131
0.131
0.131
0.131
0.131
0.115
0.115
0.115
0.115
0.115
0.14
0.14
0.14
0.14
0.14
0.14
0.14
0.14
0.14
0.14
0.175
0.175
0.175
0.175
0.175
0.175
0.175
0.175
0.175
0.175
0.175
0.175
0.175
0.175
0.175
0.185
0.185
0.185
0.185
0.185
0.19
0.19
0.19
0.19
0.19
0.195
0.195
0.195
0.195
0.195
0.195
0.195
0.195
0.195
0.195
0.175
0.175
0.175
0.175
0.175
0.175
0.175
0.175
0.175
0.175
0.145
0.145
0.145
0.145
0.145
0.145
0.145
0.145
0.145
0.145
0.105
0.105
0.105
0.105
0.105
0.103
0.103
0.103
0.103
0.103
0.103
0.103
0.103
0.103
0.103
0.133
0.133
0.133
0.133
0.133
0.153
0.153
0.153
0.153
0.153
0.163
0.163
0.163
0.163
0.163
0.178
0.178
0.178
0.178
0.178
0.189
0.189
0.189
0.189
0.189
0.189
0.189
0.189
0.189
0.189
0.154
0.154
0.154
0.154
0.154
0.139
0.139
0.139
0.139
0.139
0.139
0.139
0.139
0.139
0.139
0.129
0.129
0.129
0.129
0.129
0.129
0.129
0.129
0.129
0.129
0.114
0.114
0.114
0.114
0.114
0.114
0.114
0.114
0.114
0.114
0.134
0.134
0.134
0.134
0.134
0.134
0.134
0.134
0.134
0.134
0.139
0.139
0.139
0.139
0.139
0.164
0.164
0.164
0.164
0.164
0.164
0.164
0.164
0.164
0.164
0.179
0.179
0.179
0.179
0.179
0.179
0.179
0.179
0.179
0.179
0.179
0.179
0.179
0.179
0.179
0.179
0.179
0.179
0.179
0.179
0.19
0.19
0.19
0.19
0.19
0.117
0.117
0.117
0.117
0.117
0.139
0.139
0.139
0.139
0.139
0.114
0.114
0.114
0.114
0.114
0.107
0.107
0.107
0.107
0.107
0.1
0.1
0.1
0.1
0.1
0.14
0.14
0.14
0.14
0.14
0.14
0.14
0.14
0.14
0.14
0.15
0.15
0.15
0.15
0.15
0.15
0.15
0.15
0.15
0.15
0.16
0.16
0.16
0.16
0.16
0.16
0.16
0.16
0.16
0.16
0.17
0.17
0.17
0.17
0.17
0.17
0.17
0.17
0.17
0.17
0.185
0.185
0.185
0.185
0.185
0.185
0.185
0.185
0.185
0.185
0.18
0.18
0.18
0.18
0.18
0.18
0.18
0.18
0.18
0.18
0.15
0.15
0.15
0.15
0.15
0.15
0.15
0.15
0.15
0.15
0.12
0.12
0.12
0.12
0.12
0.12
0.12
0.12
0.12
0.12
0.11
0.11
0.11
0.11
0.11
0.15
0.15
0.15
0.15
0.15
0.15
0.15
0.15
0.15
0.15
0.16
0.16
0.16
0.16
0.16
0.16
0.16
0.16
0.16
0.16
0.165
0.165
0.165
0.165
0.165
0.165
0.165
0.165
0.165
0.165
0.183
0.183
0.183
0.183
0.183
0.183
0.183
0.183
0.183
0.183
0.183
0.183
0.183
0.183
0.183
0.183
0.183
0.183
0.183
0.183
0.158
0.158
0.158
0.158
0.158
0.158
0.158
0.158
0.158
0.158
0.158
0.158
0.158
0.158
0.158
0.158
0.158
0.158
0.158
0.158
0.158
0.158
0.158
0.158
0.158
0.158
0.158
0.158
0.158
0.158
0.123
0.123
0.123
0.123
0.123
0.108
0.108
0.108
0.108
0.108
0.104
0.104
0.104
0.104
0.104
0.104
0.104
0.104
0.104
0.104
0.134
0.134
0.134
0.134
0.134
0.134
0.134
0.134
0.134
0.134
0.159
0.159
0.159
0.159
0.159
0.159
0.159
0.159
0.159
0.159
0.184
0.184
0.184
0.184
0.184
0.184
0.184
0.184
0.184
0.184
0.189
0.189
0.189
0.189
0.189
0.189
0.189
0.189
0.189
0.189
0.1
0.1
0.1
0.1
0.1
0.11
0.11
0.11
0.11
0.11
0.11
0.11
0.11
0.11
0.11
0.115
0.115
0.115
0.115
0.115
0.125
0.125
0.125
0.125
0.125
0.125
0.125
0.125
0.125
0.125
0.165
0.165
0.165
0.165
0.165
0.165
0.165
0.165
0.165
0.165
0.175
0.175
0.175
0.175
0.175
0.175
0.175
0.175
0.175
0.175
0.188
0.188
0.188
0.188
0.188
0.188
0.188
0.188
0.188
0.188
0.158
0.158
0.158
0.158
0.158
0.138
0.138
0.138
0.138
0.138
0.138
0.138
0.138
0.138
0.138
0.128
0.128
0.128
0.128
0.128
0.128
0.128
0.128
0.128
0.128
0.118
0.118
0.118
0.118
0.118
0.118
0.118
0.118
0.118
0.118
0.109
0.109
0.109
0.109
0.109
0.149
0.149
0.149
0.149
0.149
0.179
0.179
0.179
0.179
0.179
0.179
0.179
0.179
0.179
0.179
0.189
0.189
0.189
0.189
0.189
0.189
0.189
0.189
0.189
0.189
0.194
0.194
0.194
0.194
0.194
0.184
0.184
0.184
0.184
0.184
0.184
0.184
0.184
0.184
0.184
0.174
0.174
0.174
0.174
0.174
0.174
0.174
0.174
0.174
0.174
0.154
0.154
0.154
0.154
0.154
0.139
0.139
0.139
0.139
0.139
0.139
0.139
0.139
0.139
0.139
0.139
0.139
0.139
0.139
0.139
0.139
0.139
0.139
0.139
0.139
0.139
0.139
0.139
0.139
0.139
0.139
0.139
0.139
0.139
0.139
0.139
0.139
0.139
0.139
0.139
0.139
0.139
0.139
0.139
0.139
0.139
0.139
0.139
0.139
0.139
0.139
0.139
0.139
0.139
0.139
0.139
0.139
0.139
0.139
0.139
0.139
0.139
0.139
0.139
0.139
0.139
0.139
0.139
0.139
0.139
0.139
0.139
0.139
0.139
0.139
0.139
0.139
0.139
0.139
0.139
0.139
0.139
0.139
0.139
0.139
0.139
0.139
0.139
0.139
0.139
0.139
0.139
0.139
0.139
0.139
0.139
0.139
0.139
0.139
0.139
0.139
0.139
0.139
0.139
0.139
0.139
0.139
0.139
0.139
0.139
0.139
0.139
0.139
0.139
0.139
0.139
0.139
0.139
0.139
0.139
0.139
0.139
0.139
0.139
0.139
0.139
0.139
0.139
0.139
0.139
0.139
0.139
0.139
0.139
0.139
0.139
0.139
0.139
0.139
0.139
0.139
0.139
0.139
0.139
0.139
0.139
0.139
0.139
0.139
0.139
0.139
0.139
0.139
0.139
0.139
0.139
0.139
0.139
0.139
0.139
0.139
0.139
0.139
0.139
0.139
0.139
0.139
0.139
0.139
0.139
0.139
0.139
0.139
0.139
0.139
0.139
0.139
0.139
0.139
0.139
0.139
0.139
0.139
0.139
0.139
0.139
0.139
0.139
0.139
0.139
0.139
0.139
0.139
0.139
0.139
0.139
0.139
0.139
0.139
0.139
0.139
0.139
0.139
0.139
0.139
0.139
0.139
0.139
0.139
0.139
0.139
0.139
0.139
0.139
0.139
0.139
0.139
0.139
0.139
0.139
0.139
0.139
0.139
0.139
0.139
0.139
0.139
0.139
0.139
0.139
0.139
0.139
0.139
0.139
0.139
0.139
0.139
0.139
0.139
0.139
0.139
0.139
0.139
0.139
0.139
0.139
0.139
0.139
0.139
0.139
0.139
0.139
0.139
0.139
0.139
0.139
0.139
0.139
0.139
0.139
0.139
0.139
0.139
0.139
0.139
0.139
0.139
0.139
0.139
0.139
0.139
0.139
0.139
0.139
0.139
0.139
0.139
0.139
0.139
0.139
0.139
0.139
0.139
0.139
0.139
0.139
0.139
0.139
0.139
0.139
0.139
0.139
0.139
0.139
0.139
0.139
0.139
0.139
0.139
0.139
0.1
0.1
0.1
0.1
0.1
0.1
0.1
0.1
0.1
0.1
0.1
0.1
0.1
0.1
0.1
0.14
0.14
0.14
0.14
0.14
0.14
0.14
0.14
0.14
0.14
0.14
0.14
0.14
0.14
0.14
0.165
0.165
0.165
0.165
0.165
0.165
0.165
0.165
0.165
0.165
0.165
0.165
0.165
0.165
0.165
0.175
0.175
0.175
0.175
0.175
0.175
0.175
0.175
0.175
0.175
0.175
0.175
0.175
0.175
0.175
0.195
0.195
0.195
0.195
0.195
0.198
0.198
0.198
0.198
0.198
0.198
0.198
0.198
0.198
0.198
0.198
0.198
0.198
0.198
0.198
0.168
0.168
0.168
0.168
0.168
0.168
0.168
0.168
0.168
0.168
0.143
0.143
0.143
0.143
0.143
0.143
0.143
0.143
0.143
0.143
0.133
0.133
0.133
0.133
0.133
0.133
0.133
0.133
0.133
0.133
0.113
0.113
0.113
0.113
0.113
0.113
0.113
0.113
0.113
0.113
0.113
0.113
0.113
0.113
0.113
0.106
0.106
0.106
0.106
0.106
0.106
0.106
0.106
0.106
0.106
0.106
0.106
0.106
0.106
0.106
0.106
0.106
0.106
0.106
0.106
0.126
0.126
0.126
0.126
0.126
0.126
0.126
0.126
0.126
0.126
0.126
0.126
0.126
0.126
0.126
0.156
0.156
0.156
0.156
0.156
0.156
0.156
0.156
0.156
0.156
0.181
0.181
0.181
0.181
0.181
0.181
0.181
0.181
0.181
0.181
0.186
0.186
0.186
0.186
0.186
0.186
0.186
0.186
0.186
0.186
0.186
0.186
0.186
0.186
0.186
0.193
0.193
0.193
0.193
0.193
0.193
0.193
0.193
0.193
0.193
0.153
0.153
0.153
0.153
0.153
0.153
0.153
0.153
0.153
0.153
0.133
0.133
0.133
0.133
0.133
0.133
0.133
0.133
0.133
0.133
0.113
0.113
0.113
0.113
0.113
0.113
0.113
0.113
0.113
0.113
0.113
0.113
0.113
0.113
0.113
0.107
0.107
0.107
0.107
0.107
0.107
0.107
0.107
0.107
0.107
0.107
0.107
0.107
0.107
0.107
0.117
0.117
0.117
0.117
0.117
0.117
0.117
0.117
0.117
0.117
0.117
0.117
0.117
0.117
0.117
0.132
0.132
0.132
0.132
0.132
0.132
0.132
0.132
0.132
0.132
0.142
0.142
0.142
0.142
0.142
0.142
0.142
0.142
0.142
0.142
0.152
0.152
0.152
0.152
0.152
0.152
0.152
0.152
0.152
0.152
0.152
0.152
0.152
0.152
0.152
0.152
0.152
0.152
0.152
0.152
0.152
0.152
0.152
0.152
0.152
0.157
0.157
0.157
0.157
0.157
0.157
0.157
0.157
0.157
0.157
0.182
0.182
0.182
0.182
0.182
0.182
0.182
0.182
0.182
0.182
0.182
0.182
0.182
0.182
0.182
0.182
0.182
0.182
0.182
0.182
0.187
0.187
0.187
0.187
0.187
0.187
0.187
0.187
0.187
0.187
0.193
0.193
0.193
0.193
0.193
0.193
0.193
0.193
0.193
0.193
0.193
0.193
0.193
0.193
0.193
0.193
0.193
0.193
0.193
0.193
0.178
0.178
0.178
0.178
0.178
0.178
0.178
0.178
0.178
0.178
0.148
0.148
0.148
0.148
0.148
0.148
0.148
0.148
0.148
0.148
0.133
0.133
0.133
0.133
0.133
0.133
0.133
0.133
0.133
0.133
0.133
0.133
0.133
0.133
0.133
0.117
0.117
0.117
0.117
0.117
0.117
0.117
0.117
0.117
0.117
0.122
0.122
0.122
0.122
0.122
0.122
0.122
0.122
0.122
0.122
0.132
0.132
0.132
0.132
0.132
0.132
0.132
0.132
0.132
0.132
0.132
0.132
0.132
0.132
0.132
0.157
0.157
0.157
0.157
0.157
0.157
0.157
0.157
0.157
0.157
0.177
0.177
0.177
0.177
0.177
0.177
0.177
0.177
0.177
0.177
0.188
0.188
0.188
0.188
0.188
0.188
0.188
0.188
0.188
0.188
0.163
0.163
0.163
0.163
0.163
0.163
0.163
0.163
0.163
0.163
0.138
0.138
0.138
0.138
0.138
0.138
0.138
0.138
0.138
0.138
0.138
0.138
0.138
0.138
0.138
0.138
0.138
0.138
0.138
0.138
0.138
0.138
0.138
0.138
0.138
0.138
0.138
0.138
0.138
0.138
0.123
0.123
0.123
0.123
0.123
0.123
0.123
0.123
0.123
0.123
0.112
0.112
0.112
0.112
0.112
0.112
0.112
0.112
0.112
0.112
0.112
0.112
0.112
0.112
0.112
0.112
0.112
0.112
0.112
0.112
0.137
0.137
0.137
0.137
0.137
0.137
0.137
0.137
0.137
0.137
0.147
0.147
0.147
0.147
0.147
0.147
0.147
0.147
0.147
0.147
0.187
0.187
0.187
0.187
0.187
0.187
0.187
0.187
0.187
0.187
0.193
0.193
0.193
0.193
0.193
0.193
0.193
0.193
0.193
0.193
0.183
0.183
0.183
0.183
0.183
0.183
0.183
0.183
0.183
0.183
0.183
0.183
0.183
0.183
0.183
0.183
0.183
0.183
0.183
0.183
0.168
0.168
0.168
0.168
0.168
0.168
0.168
0.168
0.168
0.168
0.138
0.138
0.138
0.138
0.138
0.138
0.138
0.138
0.138
0.138
0.119
0.119
0.119
0.119
0.119
0.119
0.119
0.119
0.119
0.119
0.119
0.119
0.119
0.119
0.119
0.149
0.149
0.149
0.149
0.149
0.149
0.149
0.149
0.149
0.149
0.149
0.149
0.149
0.149
0.149
0.174
0.174
0.174
0.174
0.174
0.174
0.174
0.174
0.174
0.174
0.174
0.174
0.174
0.174
0.174
0.174
0.174
0.174
0.174
0.174
0.174
0.174
0.174
0.174
0.174
0.199
0.199
0.199
0.199
0.199
0.199
0.199
0.199
0.199
0.199
0.2
0.2
0.2
0.2
0.2
0.2
0.2
0.2
0.2
0.2
0.175
0.175
0.175
0.175
0.175
0.175
0.175
0.175
0.175
0.175
0.155
0.155
0.155
0.155
0.155
0.155
0.155
0.155
0.155
0.155
0.155
0.155
0.155
0.155
0.155
0.15
0.15
0.15
0.15
0.15
0.15
0.15
0.15
0.15
0.15
0.15
0.15
0.15
0.15
0.15
0.125
0.125
0.125
0.125
0.125
0.125
0.125
0.125
0.125
0.125
0.125
0.125
0.125
0.125
0.125
0.125
0.125
0.125
0.125
0.125
0.112
0.112
0.112
0.112
0.112
0.112
0.112
0.112
0.112
0.112
0.112
0.112
0.112
0.112
0.112
0.112
0.112
0.112
0.112
0.112
0.137
0.137
0.137
0.137
0.137
0.137
0.137
0.137
0.137
0.137
0.137
0.137
0.137
0.137
0.137
0.137
0.137
0.137
0.137
0.137
0.142
0.142
0.142
0.142
0.142
0.142
0.142
0.142
0.142
0.142
0.142
0.142
0.142
0.142
0.142
0.142
0.142
0.142
0.142
0.142
0.167
0.167
0.167
0.167
0.167
0.167
0.167
0.167
0.167
0.167
0.184
0.184
0.184
0.184
0.184
0.184
0.184
0.184
0.184
0.184
0.159
0.159
0.159
0.159
0.159
0.159
0.159
0.159
0.159
0.159
0.144
0.144
0.144
0.144
0.144
0.144
0.144
0.144
0.144
0.144
0.144
0.144
0.144
0.144
0.144
0.144
0.144
0.144
0.144
0.144
0.124
0.124
0.124
0.124
0.124
0.124
0.124
0.124
0.124
0.124
0.124
0.124
0.124
0.124
0.124
0.119
0.119
0.119
0.119
0.119
0.119
0.119
0.119
0.119
0.119
0.109
0.109
0.109
0.109
0.109
0.109
0.109
0.109
0.109
0.109
0.109
0.109
0.109
0.109
0.109
0.104
0.104
0.104
0.104
0.104
0.104
0.104
0.104
0.104
0.104
0.129
0.129
0.129
0.129
0.129
0.129
0.129
0.129
0.129
0.129
0.129
0.129
0.129
0.129
0.129
0.154
0.154
0.154
0.154
0.154
0.154
0.154
0.154
0.154
0.154
0.189
0.189
0.189
0.189
0.189
0.189
0.189
0.189
0.189
0.189
0.189
0.189
0.189
0.189
0.189
0.189
0.189
0.189
0.189
0.189
0.195
0.195
0.195
0.195
0.195
0.195
0.195
0.195
0.195
0.195
0.195
0.195
0.195
0.195
0.195
0.19
0.19
0.19
0.19
0.19
0.19
0.19
0.19
0.19
0.19
0.165
0.165
0.165
0.165
0.165
0.16
0.16
0.16
0.16
0.16
0.16
0.16
0.16
0.16
0.16
0.16
0.16
0.16
0.16
0.16
0.14
0.14
0.14
0.14
0.14
0.14
0.14
0.14
0.14
0.14
0.12
0.12
0.12
0.12
0.12
0.12
0.12
0.12
0.12
0.12
0.12
0.12
0.12
0.12
0.12
0.11
0.11
0.11
0.11
0.11
0.11
0.11
0.11
0.11
0.11
0.11
0.11
0.11
0.11
0.11
0.11
0.11
0.11
0.11
0.11
0.14
0.14
0.14
0.14
0.14
0.14
0.14
0.14
0.14
0.14
0.14
0.14
0.14
0.14
0.14
0.14
0.14
0.14
0.14
0.14
0.145
0.145
0.145
0.145
0.145
0.145
0.145
0.145
0.145
0.145
0.145
0.145
0.145
0.145
0.145
0.17
0.17
0.17
0.17
0.17
0.17
0.17
0.17
0.17
0.17
