0.019
0.602
4.921
1.566
2.417
0.003
0.6
4.76
1.178
1.648
0.004
0.612
7.872
0.892
1.016
0.014
0.591
9.871
1.304
2.272
0.001
0.6
11.909
2.819
1.299
0.002
0.908
9.25
1.164
1.004
0.006
0.658
14.093
3.08
1.952
0.021
0.645
17.285
0.525
1.37
0.003
0.622
14.89
2.254
1.709
0.001
0.642
10.102
1.027
1.369
0.013
0.682
11.2
1.101
2.016
0.004
0.698
4.903
0.63
2.065
0.011
0.663
6.114
0.661
1.677
0.007
0.62
4.151
0.564
1.37
0.012
0.975
4.807
1.097
1.018
0.008
0.383
1.998
0.58
1.986
0.005
0.363
3.601
0.589
1.053
0.002
0.654
5.875
0.579
1.821
0.303
1.019
7.564
0.305
1.362
0.007
0.993
5.031
0.995
0.9
0.008
0.662
6.507
0.64
1.015
0.006
0.662
7.775
0.612
1.348
0.002
0.639
9.362
2.779
2.666
0.002
0.684
17.891
2.664
2.224
0.002
0.932
17.777
3.015
2.334
0.002
1.018
15.291
2.549
2.415
0.01
0.674
6.892
0.554
1.444
0.001
0.693
18.074
0.694
1.008
0.002
0.644
6.982
1.057
2.08
0.003
0.689
6.155
1.684
1.331
0.003
0.579
5.27
1.018
0.661
0.007
0.627
2.283
1.184
3.474
0.002
0.654
2.26
1.314
1.456
0.001
0.64
3.142
1.787
2.607
0.009
0.904
3.928
1.031
1.339
0.006
0.734
5.217
1.247
1.051
0.001
0.641
2.758
0.569
1.045
0.008
0.649
4.317
0.551
1.312
0.004
0.652
7.804
0.917
2.303
0.026
0.655
10.341
1.54
1.271
0.004
0.675
5.271
0.918
2.046
0.004
0.646
7.459
1.871
1.025
0.002
0.672
5.928
0.563
2.941
0.008
0.625
3.497
0.949
1.061
0.005
0.635
4.358
0.637
1.273
0.008
0.662
6.306
0.65
1.014
0.003
1.241
6.994
1.299
1.67
0.002
0.671
8.869
1.528
2.035
0.002
0.608
13.275
2.109
1.625
0.008
0.987
14.02
4.468
1.667
0.297
0.727
13.322
1.358
1.449
0.278
0.611
12.457
1.358
1.957
0.009
0.675
9.4
1.579
1.997
0.006
0.652
11.198
1.095
1.828
0.011
0.653
8.518
0.973
2.064
0.008
0.645
9.592
2.743
1.812
0.007
0.687
2.726
0.671
1.365
0.009
0.606
4.01
0.568
1.395
0.005
0.636
3.754
1.169
1.005
0.305
0.608
1.864
1.238
2.088
0.014
0.644
5.131
0.946
1.589
0.012
0.668
9.5
1.194
3.299
0.013
0.611
9.593
1.036
1.761
0.02
0.64
12.945
1.293
1.672
0.002
0.681
14.041
0.545
1.45
0.008
0.669
11.788
0.596
1.369
0.013
0.633
11.548
0.274
1.377
0.003
0.707
11.642
0.57
1.278
0.006
0.632
13.002
0.564
1.822
0.006
0.731
10.988
0.224
2.638
0.003
0.624
8.488
0.516
1.033
0.004
0.684
9.481
1.52
3.279
0.001
0.669
8.428
0.253
1.025
0.002
0.957
6.432
0.305
1.043
0.01
0.682
3.043
1.254
1.622
0.007
0.649
4.928
1.211
2.684
0.008
0.621
5.218
0.857
3.734
0.015
0.626
8.311
0.701
1.73
0.006
0.649
7.211
0.935
2.376
0.009
0.624
13.266
1.591
2.686
0.017
0.599
12.378
0.487
1.859
0.004
0.345
12.495
1.516
2.244
0.006
0.649
16.918
1.716
2.17
0.005
0.618
10.589
0.954
1.351
0.009
1.031
14.332
2.13
2.281
0.004
0.593
16.382
0.372
1.412
0.002
0.628
11.963
1.84
1.598
0.003
0.633
10.959
1.807
1.025
0.012
0.995
4.512
0.661
1.71
0.006
0.629
7.3
0.932
1.038
0.011
0.702
2.832
0.939
1.303
0.004
0.69
2.044
0.947
1.37
0.004
0.644
2.423
1.264
1.7
0.008
0.697
5.696
0.869
1.575
0.006
0.657
10.607
1.998
2.087
0.001
0.783
5.535
0.947
2.073
0.008
0.578
8.807
0.514
1.269
0.009
0.335
13.634
0.736
1.852
0.002
0.674
17.956
3.578
2.695
0.004
0.68
8.868
0.648
1.081
0.006
0.635
4.221
0.584
2.597
0.003
0.623
4.789
0.544
0.994
0.003
0.072
4.093
0.823
1.761
0.007
0.601
5.833
0.569
1.019
0.005
0.672
3.437
0.984
1.64
0.004
0.654
3.253
0.513
1.029
0.282
0.619
4.927
0.552
1.805
0.006
0.632
8.075
0.906
1.925
0.004
0.625
6.269
1.551
1.632
0.011
0.67
10.194
0.634
1.352
0.005
0.631
6.735
0.562
1.037
0.013
0.678
8.569
0.594
2.343
0.001
0.713
11.468
0.562
0.741
0.004
0.637
16.059
0.999
1.987
0.001
0.69
12.0
0.614
0.998
0.007
0.655
15.889
2.149
2.783
0.007
0.651
18.404
2.328
4.349
0.003
0.598
19.785
2.085
3.66
0.008
0.623
16.082
0.962
3.414
0.009
0.705
15.309
1.728
3.681
0.008
0.616
3.722
0.745
1.324
0.003
0.335
4.425
1.249
1.349
0.007
0.374
4.153
1.386
0.812
0.002
0.351
5.6
0.856
0.89
0.008
0.364
4.875
1.64
1.11
0.004
0.476
4.271
1.562
0.663
0.002
0.369
3.333
0.673
0.698
0.002
0.358
5.845
0.826
1.126
0.004
0.347
5.377
0.334
1.454
0.002
0.48
8.263
0.849
1.244
0.005
0.618
7.318
0.808
1.036
0.002
0.626
7.789
0.788
1.17
0.002
0.713
8.301
1.641
1.064
0.002
0.416
4.591
0.773
0.888
0.006
1.129
4.615
0.74
1.071
0.018
0.395
3.85
0.81
1.104
0.006
0.402
3.449
0.764
0.801
0.004
0.41
2.381
0.751
1.151
0.005
0.397
5.043
0.807
1.006
0.004
0.737
4.992
0.273
1.278
0.004
0.436
6.412
1.105
1.507
0.003
0.421
6.863
1.746
1.45
0.009
0.577
5.348
1.064
0.929
0.002
0.457
7.655
1.622
1.026
0.008
0.401
7.071
0.422
1.54
0.002
0.425
9.524
1.079
1.94
0.002
0.44
9.084
3.34
0.851
0.002
0.461
9.27
1.713
1.711
0.002
0.409
6.17
1.013
1.25
0.003
0.753
8.765
1.989
1.54
0.003
0.739
6.158
1.023
1.013
0.002
0.415
4.456
0.779
1.095
0.004
0.45
5.314
1.099
1.32
0.005
0.421
5.048
0.395
1.252
0.004
0.427
2.732
1.065
0.825
0.009
0.636
2.447
1.066
1.727
0.002
0.705
2.37
0.295
1.277
0.002
0.407
1.649
0.711
1.565
0.002
0.398
4.777
0.741
1.233
0.002
0.755
4.513
0.814
0.852
0.005
0.409
5.083
1.066
0.799
0.003
0.432
6.149
0.954
0.744
0.005
0.406
8.183
0.563
1.194
0.006
0.423
6.251
0.673
0.988
0.003
0.439
8.754
0.457
1.315
0.004
0.403
7.86
0.775
1.089
0.021
0.334
2.559
2.278
1.453
0.002
0.349
2.959
1.409
1.37
0.002
0.35
3.267
0.612
1.018
0.005
0.385
2.347
0.492
1.027
0.009
0.347
2.511
0.651
0.933
0.004
0.333
3.522
0.974
1.006
0.008
0.354
5.405
2.069
1.593
0.005
0.409
6.949
2.007
1.147
0.003
0.093
6.316
1.2
1.552
0.003
0.408
6.109
1.514
1.201
0.003
0.427
7.952
1.236
1.532
0.003
0.413
7.59
1.495
1.533
0.012
0.782
5.269
0.564
1.564
0.004
0.405
4.224
0.58
1.596
0.003
0.394
3.773
0.682
1.486
0.004
0.062
3.249
0.615
1.533
0.004
0.39
2.516
0.563
1.556
0.002
0.386
3.185
0.588
1.964
0.007
0.402
2.671
0.641
1.547
0.004
0.404
2.18
0.633
1.177
0.005
0.382
3.049
0.548
1.168
0.005
0.773
5.676
0.642
1.547
0.002
0.421
7.223
1.031
1.168
0.008
0.457
7.705
0.689
1.525
0.003
0.422
8.483
1.508
1.17
0.002
0.399
7.079
0.641
1.986
0.004
0.404
7.62
0.631
1.926
0.002
0.394
6.661
0.744
1.106
0.006
0.42
6.398
1.065
1.171
0.386
0.464
6.018
1.025
1.21
0.001
0.399
5.333
1.473
1.623
0.002
0.423
5.161
1.111
1.129
0.005
0.406
4.043
0.634
1.152
0.005
0.402
3.235
0.22
1.12
0.005
0.392
3.342
0.655
1.096
0.004
0.421
3.493
1.472
1.169
0.009
0.448
5.445
1.047
1.588
0.005
0.418
4.611
0.659
1.549
0.011
0.403
4.356
1.132
1.15
0.005
0.42
3.441
0.199
1.503
0.003
0.454
5.177
1.173
1.548
0.004
0.406
4.594
1.487
1.567
0.002
0.406
4.866
1.132
1.521
0.004
0.424
5.382
0.705
0.766
0.009
0.387
2.521
0.532
1.124
0.007
0.386
3.373
0.564
1.154
0.008
0.42
3.255
0.537
1.567
0.003
0.377
4.332
1.581
1.54
0.377
0.393
4.095
0.637
1.141
0.004
0.382
2.555
0.536
1.149
0.002
0.406
3.801
0.983
1.561
0.01
0.394
2.936
0.607
1.193
0.005
0.404
4.905
1.175
1.651
0.017
0.447
4.068
0.628
1.576
0.006
0.401
4.136
0.203
1.093
0.007
0.388
3.523
1.094
1.146
0.003
0.068
4.658
0.743
1.097
0.006
0.418
3.074
0.755
1.151
0.005
0.393
3.386
0.653
1.133
0.008
0.383
3.35
0.611
1.104
0.004
0.395
3.387
0.262
1.145
0.007
0.385
3.336
0.649
1.157
0.005
0.398
3.403
0.246
1.111
0.005
0.381
3.366
0.661
0.745
0.005
0.406
2.998
0.321
0.72
0.007
0.416
3.128
0.641
1.096
0.006
0.384
3.079
0.643
1.508
0.012
0.426
4.196
0.656
1.184
0.009
0.404
3.863
1.052
1.596
0.007
0.406
3.808
0.6
1.526
0.379
0.416
4.561
0.658
1.554
0.005
0.401
3.011
0.619
1.143
0.005
0.398
3.303
0.197
1.099
0.005
0.418
2.938
1.034
1.164
0.004
0.448
4.101
0.571
1.152
0.005
0.422
4.905
0.576
1.113
0.005
0.432
4.413
0.259
1.11
0.005
0.381
3.346
0.232
1.607
0.006
0.402
3.657
0.563
1.597
0.002
0.409
3.759
0.621
1.129
0.005
0.406
3.96
0.726
1.09
0.005
0.38
4.338
0.959
1.507
0.004
0.424
4.099
0.632
0.771
0.005
0.381
3.853
0.637
0.789
0.006
0.4
3.571
0.689
1.121
0.009
0.413
3.125
0.648
1.151
0.005
0.375
3.006
0.633
1.534
0.002
0.415
2.979
0.225
1.076
0.008
0.429
3.388
0.631
0.757
0.002
0.425
3.015
0.64
1.12
0.011
0.263
0.34
0.045
0.072
0.005
0.044
0.172
0.029
0.034
0.004
0.044
0.074
0.012
0.019
0.004
0.051
0.216
0.073
0.015
0.002
0.051
0.2
0.085
0.013
0.005
0.038
0.123
0.038
0.017
0.014
0.226
0.175
0.037
0.014
0.008
0.052
0.164
0.019
0.009
0.006
0.048
0.263
0.036
0.014
0.002
0.086
0.396
0.063
0.012
0.006
0.046
0.192
0.026
0.026
0.293
0.063
0.312
0.036
0.019
0.011
0.053
0.267
0.106
0.02
0.001
0.047
0.395
0.021
0.009
0.009
0.044
0.206
0.014
0.024
0.003
0.043
0.267
0.023
0.018
0.005
0.035
0.246
0.018
0.016
0.01
0.057
0.248
0.019
0.019
0.002
0.041
0.195
0.031
0.039
0.012
0.045
0.135
0.017
0.014
0.009
0.078
0.112
0.019
0.008
0.004
0.058
0.129
0.017
0.034
0.005
0.04
0.065
0.012
0.009
0.004
0.045
0.077
0.013
0.011
0.293
0.04
0.078
0.016
0.011
0.003
0.042
0.088
0.021
0.007
0.003
0.059
0.106
0.022
0.012
0.009
0.046
0.077
0.01
0.008
0.007
0.046
0.059
0.011
0.008
0.008
0.041
0.092
0.028
0.007
0.005
0.043
0.112
0.018
0.019
0.003
0.041
0.099
0.024
0.012
0.019
0.043
0.255
0.029
0.007
0.007
0.041
0.13
0.029
0.007
0.002
0.035
0.189
0.029
0.007
0.003
0.05
0.205
0.03
0.009
0.002
0.066
0.336
0.056
0.012
0.003
0.045
0.199
0.029
0.015
0.003
0.04
0.199
0.043
0.007
0.003
0.042
0.23
0.036
0.012
0.003
0.041
0.242
0.049
0.009
0.002
0.05
0.135
0.033
0.01
0.004
0.041
0.123
0.031
0.025
0.002
0.051
0.14
0.026
0.015
0.003
0.041
0.104
0.023
0.008
0.003
0.041
0.066
0.015
0.006
0.002
0.044
0.075
0.01
0.007
0.009
0.039
0.06
0.014
0.008
0.002
0.047
0.059
0.017
0.011
0.004
0.04
0.05
0.007
0.007
0.01
0.045
0.053
0.012
0.009
0.002
0.036
0.065
0.006
0.006
0.004
0.043
0.075
0.006
0.007
0.005
0.041
0.065
0.006
0.007
0.005
0.043
0.088
0.006
0.01
0.009
0.041
0.085
0.017
0.007
0.007
0.039
0.096
0.007
0.006
0.004
0.041
0.129
0.031
0.018
0.002
0.033
0.142
0.019
0.008
0.002
0.039
0.128
0.01
0.007
0.003
0.038
0.116
0.008
0.019
0.003
0.033
0.13
0.009
0.009
0.002
0.054
0.129
0.006
0.012
0.002
0.045
0.157
0.018
0.012
0.007
0.05
0.177
0.017
0.008
0.003
0.043
0.183
0.025
0.012
0.002
0.039
0.175
0.009
0.007
0.002
0.039
0.249
0.05
0.011
0.009
0.033
0.22
0.035
0.011
0.003
0.051
0.179
0.005
0.007
0.002
0.048
0.239
0.017
0.007
0.003
0.043
0.232
0.012
0.008
0.004
0.042
0.209
0.013
0.007
0.002
0.041
0.181
0.018
0.008
0.003
0.04
0.187
0.016
0.007
0.002
0.041
0.17
0.011
0.007
0.003
0.052
0.152
0.013
0.012
0.006
0.043
0.1
0.012
0.007
0.001
0.038
0.107
0.014
0.009
0.006
0.046
0.08
0.007
0.011
0.015
0.044
0.091
0.007
0.012
0.004
0.036
0.087
0.006
0.014
0.012
0.038
0.07
0.006
0.007
0.005
0.041
0.066
0.007
0.01
0.014
0.042
0.084
0.01
0.008
0.003
0.037
0.098
0.015
0.008
0.005
0.047
0.099
0.017
0.009
0.004
0.044
0.116
0.016
0.01
0.005
0.039
0.089
0.011
0.007
0.006
0.047
0.102
0.009
0.011
0.005
0.04
0.123
0.006
0.006
0.006
0.048
0.169
0.012
0.007
0.002
0.039
0.15
0.007
0.008
0.007
0.046
0.173
0.011
0.007
0.008
0.05
0.209
0.013
0.011
0.005
0.036
0.129
0.01
0.006
0.009
0.047
0.142
0.012
0.013
0.003
0.041
0.11
0.021
0.008
0.002
0.041
0.097
0.019
0.007
0.003
0.042
0.102
0.013
0.007
0.003
0.041
0.08
0.006
0.007
0.002
0.032
0.096
0.007
0.007
0.002
0.032
0.089
0.006
0.006
0.002
0.039
0.08
0.008
0.009
0.005
0.047
0.079
0.009
0.007
0.005
0.045
0.065
0.009
0.011
0.003
0.041
0.069
0.009
0.01
0.003
0.037
0.061
0.01
0.006
0.002
0.043
0.075
0.009
0.014
0.008
0.039
0.09
0.007
0.011
0.002
0.035
0.106
0.011
0.007
0.002
0.043
0.121
0.017
0.01
0.003
0.036
0.127
0.014
0.011
0.002
0.045
0.219
0.032
0.01
0.003
0.037
0.211
0.022
0.008
0.007
0.037
0.185
0.017
0.008
0.007
0.045
0.173
0.01
0.007
0.005
0.041
0.187
0.014
0.01
0.004
0.038
0.157
0.008
0.006
0.003
0.043
0.178
0.011
0.011
0.005
0.04
0.168
0.008
0.007
0.005
0.041
0.14
0.007
0.007
0.005
0.039
0.154
0.01
0.008
0.002
0.038
0.102
0.008
0.01
0.01
0.037
0.098
0.008
0.011
0.003
0.038
0.081
0.011
0.007
0.006
0.038
0.068
0.011
0.007
0.005
0.038
0.072
0.007
0.015
0.003
0.041
0.105
0.011
0.011
0.002
0.045
0.129
0.018
0.006
0.002
0.037
0.127
0.016
0.008
0.002
0.044
0.179
0.032
0.007
0.305
0.04
0.155
0.019
0.006
0.002
0.04
0.199
0.021
0.007
0.003
0.045
0.156
0.013
0.006
0.005
0.035
0.145
0.008
0.008
0.002
0.044
0.212
0.022
0.007
0.003
0.042
0.258
0.026
0.011
0.003
0.048
0.247
0.033
0.007
0.003
0.204
0.229
0.038
0.006
0.004
0.04
0.131
0.004
0.007
0.006
0.043
0.148
0.008
0.009
0.004
0.036
0.108
0.006
0.007
0.004
0.037
0.103
0.006
0.007
0.009
0.041
0.114
0.009
0.012
0.013
0.031
0.106
0.008
0.01
0.002
0.044
0.118
0.007
0.006
0.008
0.041
0.111
0.004
0.006
0.002
0.036
0.075
0.006
0.007
0.002
0.036
0.072
0.008
0.007
0.002
0.031
0.076
0.006
0.007
0.005
0.036
0.071
0.006
0.007
0.005
0.035
0.059
0.007
0.007
0.003
0.033
0.056
0.007
0.006
0.003
0.043
0.059
0.005
0.006
0.003
0.03
0.066
0.009
0.009
0.002
0.037
0.127
0.007
0.012
0.003
0.036
0.081
0.004
0.006
0.003
0.034
0.092
0.006
0.012
0.004
0.04
0.086
0.006
0.009
0.003
0.039
0.088
0.006
0.011
0.3
0.036
0.097
0.006
0.007
0.007
0.038
0.106
0.007
0.007
0.006
0.034
0.09
0.008
0.007
0.007
0.039
0.139
0.016
0.007
0.003
0.041
0.135
0.013
0.007
0.002
0.037
0.185
0.016
0.007
0.003
0.047
0.173
0.015
0.007
0.004
0.044
0.12
0.009
0.01
0.002
0.039
0.13
0.011
0.008
0.002
0.045
0.112
0.012
0.007
0.001
0.045
0.108
0.011
0.007
0.002
0.038
0.114
0.013
0.012
0.002
0.041
0.109
0.011
0.007
0.001
0.032
0.083
0.007
0.006
0.002
0.036
0.091
0.01
0.007
0.003
0.033
0.081
0.008
0.008
0.002
0.031
0.083
0.011
0.007
0.003
0.033
0.07
0.008
0.007
0.003
0.036
0.063
0.006
0.011
0.003
0.039
0.074
0.011
0.006
0.016
0.041
0.057
0.006
0.008
0.003
0.036
0.058
0.007
0.01
0.004
0.037
0.048
0.01
0.011
0.002
0.045
0.085
0.009
0.009
0.003
0.052
0.079
0.009
0.007
0.003
0.063
0.091
0.007
0.006
0.002
0.043
0.111
0.008
0.01
0.003
0.041
0.12
0.009
0.007
0.004
0.044
0.231
0.015
0.007
0.004
0.059
0.241
0.021
0.009
0.002
0.038
0.216
0.023
0.006
0.003
0.044
0.214
0.028
0.007
0.003
0.042
0.212
0.027
0.008
0.003
0.046
0.216
0.028
0.008
0.006
0.044
0.227
0.018
0.006
0.003
0.043
0.219
0.023
0.007
0.005
0.045
0.202
0.02
0.013
0.002
0.042
0.125
0.009
0.008
0.002
0.048
0.152
0.007
0.008
0.006
0.035
0.18
0.021
0.006
0.003
0.037
0.165
0.021
0.007
0.002
0.036
0.114
0.012
0.008
0.005
0.035
0.097
0.008
0.007
0.004
0.04
0.094
0.015
0.011
0.008
0.045
0.082
0.016
0.007
0.002
0.039
0.072
0.006
0.007
0.014
0.038
0.058
0.006
0.01
0.007
0.038
0.061
0.005
0.01
0.006
0.039
0.055
0.004
0.01
0.002
0.035
0.062
0.006
0.006
0.014
0.045
0.087
0.007
0.008
0.013
0.04
0.105
0.006
0.007
0.002
0.049
0.116
0.011
0.009
0.004
0.039
0.096
0.015
0.008
0.002
0.029
0.109
0.009
0.011
0.004
0.037
0.103
0.008
0.009
0.003
0.038
0.118
0.008
0.006
0.002
0.044
0.149
0.009
0.007
0.007
0.041
0.158
0.019
0.007
