7.289
6.887
6.37
9.635
8.853
12.233
13.201
11.034
9.137
9.995
8.308
8.821
7.429
5.633
5.21
4.764
4.417
5.993
4.902
4.935
4.087
7.962
5.632
4.749
8.682
8.135
9.879
9.269
9.958
12.411
11.088
10.565
13.14
12.098
13.688
8.853
10.092
9.381
7.601
8.513
6.278
6.367
6.788
6.703
6.39
7.307
6.595
10.714
8.344
10.268
10.965
9.365
11.65
8.73
8.236
7.503
9.336
7.917
4.973
3.808
4.444
2.843
6.427
5.454
5.478
8.96
10.654
8.687
11.334
13.216
10.977
13.931
11.961
8.57
8.147
6.782
5.502
5.146
5.978
5.145
4.024
6.724
5.145
8.551
6.33
10.599
8.392
10.331
9.99
8.599
10.895
10.551
8.567
9.033
10.549
11.423
11.069
10.189
9.087
6.65
5.592
6.456
6.545
3.319
4.078
3.961
7.869
6.837
6.085
7.659
7.824
8.017
12.705
13.645
8.656
6.812
12.868
9.225
8.836
9.372
7.435
6.789
7.624
7.681
6.815
5.81
5.6
8.024
9.29
13.139
17.112
16.019
10.346
10.373
10.178
7.323
5.706
5.749
9.684
11.559
11.989
11.563
12.593
12.4
11.782
12.762
16.864
19.524
16.371
19.439
19.359
13.616
12.192
14.02
14.377
10.093
7.736
5.966
6.524
7.056
6.265
5.416
6.717
9.193
12.996
14.911
12.92
13.81
18.494
17.812
17.076
20.583
18.102
16.064
12.398
10.097
10.011
6.465
9.357
9.547
9.413
10.911
11.747
15.013
16.675
18.174
17.089
20.174
23.238
27.901
27.917
28.47
32.003
29.911
27.057
18.92
16.313
14.504
14.783
14.828
12.987
12.857
11.771
13.772
14.527
15.249
15.43
16.674
16.678
19.069
15.935
22.0
6.374
5.515
6.521
6.71
5.625
7.982
6.628
9.083
6.287
11.498
8.847
9.601
11.822
9.951
10.97
14.996
14.771
13.737
13.247
8.395
8.536
10.574
8.748
8.59
6.756
6.433
6.122
4.543
5.448
3.75
5.796
8.494
10.598
10.642
10.224
9.553
11.457
9.717
9.57
12.0
12.587
10.148
8.707
6.997
8.897
11.804
8.872
6.868
6.796
8.606
6.074
4.406
5.368
4.674
3.837
5.651
6.143
7.12
7.441
7.748
8.141
7.828
10.704
9.481
11.339
11.824
8.474
8.233
6.046
6.329
4.366
5.213
5.97
4.538
8.527
5.598
8.733
8.569
9.118
11.974
9.536
9.007
7.113
7.895
5.403
6.496
5.069
3.94
8.518
6.889
10.428
10.117
9.177
12.12
11.047
10.298
13.285
11.263
8.867
10.988
5.795
5.814
5.311
6.725
4.936
7.276
6.123
7.229
9.363
10.164
8.498
7.582
7.954
5.639
4.621
4.896
5.727
5.463
5.105
7.313
5.578
7.244
8.454
13.283
10.543
10.695
12.411
10.638
11.968
12.606
13.76
10.828
7.066
8.133
9.003
10.747
10.802
8.535
8.77
6.62
4.145
5.778
6.99
5.051
7.278
7.761
8.141
7.131
11.08
7.26
8.754
9.041
8.42
9.23
7.395
10.905
10.728
7.714
7.778
7.645
7.68
5.018
5.137
5.32
3.57
4.861
3.879
4.758
3.884
8.285
5.744
10.039
5.856
9.385
8.378
13.96
12.808
9.75
9.859
8.658
7.206
5.482
5.131
6.207
4.508
6.395
6.367
8.17
6.411
8.439
10.506
11.593
10.474
13.773
10.591
10.775
10.471
8.074
6.532
6.86
5.11
8.5
8.457
9.781
7.664
10.239
12.173
10.702
11.789
10.43
9.729
5.988
5.155
4.963
3.417
9.945
9.425
5.825
9.934
7.108
6.771
7.462
7.736
10.539
10.696
11.166
11.543
14.742
9.736
6.224
5.012
6.452
6.806
4.318
7.038
4.338
6.228
4.647
6.324
5.715
8.774
6.746
9.044
6.458
10.784
12.509
15.552
19.75
23.315
15.889
12.46
11.541
9.848
8.891
9.556
7.822
5.908
7.956
5.648
7.194
7.515
4.916
6.902
8.96
8.151
8.131
11.869
15.265
14.63
14.531
23.767
24.771
24.449
21.466
15.736
13.322
12.382
13.121
11.53
6.879
9.247
11.004
15.16
14.571
13.087
17.318
22.029
27.017
26.329
22.637
17.636
15.207
13.971
14.577
11.847
10.126
9.042
6.43
6.216
4.593
6.855
6.034
7.788
6.208
8.018
9.929
9.789
12.089
13.583
18.118
18.999
16.547
19.867
21.098
22.824
18.463
17.345
17.958
18.536
17.091
15.438
14.068
14.406
12.13
12.73
11.805
8.114
7.296
5.628
7.068
6.735
7.489
5.852
8.718
11.467
9.507
9.738
8.342
6.836
4.941
5.586
7.499
5.858
8.283
7.342
9.633
14.135
11.696
10.612
10.424
10.897
6.951
8.421
5.777
5.443
6.575
6.398
9.099
7.375
10.537
12.82
13.875
11.931
9.959
16.418
14.881
13.02
17.234
10.977
12.496
15.781
13.343
8.863
9.227
9.24
7.797
8.154
6.514
11.907
9.881
9.185
10.893
12.136
11.182
9.048
9.745
13.631
11.196
16.243
11.941
12.106
12.921
12.374
10.173
10.841
10.293
7.675
7.817
7.242
6.694
7.432
5.147
6.854
7.231
8.001
9.198
11.499
8.979
13.413
15.893
15.031
9.921
8.876
8.17
8.434
9.059
8.901
7.519
6.317
8.317
8.046
9.195
9.562
11.758
11.046
11.895
11.788
10.073
9.489
8.912
8.18
7.226
8.017
8.596
10.429
17.664
13.736
13.496
11.255
11.413
8.62
10.514
8.982
