181956
193684
167436
185972
175564
204060
171596
198152
192780
191692
188804
215960
191188
197984
190828
163924
189844
169008
191196
230432
184456
167024
195988
169420
178400
178080
163980
205080
178124
198008
226048
183852
194324
180096
242104
166192
196280
191492
229824
185588
195564
194320
196576
226832
180304
215600
223720
209640
203136
205936
185240
238016
215704
180500
188888
213080
176640
212648
222604
166676
167812
166388
233788
193192
248556
234704
246980
191044
193548
194388
175624
167708
165412
143088
166844
143192
158948
191836
188072
153808
180112
160336
143644
178964
122652
125632
157028
113092
183716
115940
82020
158208
165644
138596
176168
205184
97996
193132
176588
154404
200204
169812
177896
173100
176604
153216
187932
167460
220500
164664
124576
157188
253120
217060
204252
187740
196688
171632
194376
176492
183020
187916
119020
137256
115168
262592
181364
173708
174788
135520
192020
226928
178892
146476
175448
180136
185664
203372
180444
206664
160080
68728
164048
178340
170280
154032
164260
183024
193524
190456
179548
180952
189252
176332
181196
176740
187628
184340
194540
173260
178260
180200
186076
213512
169484
207724
207060
216496
213952
195280
168672
197548
188468
226928
237556
208452
234992
173848
210904
216384
140704
172608
197416
181172
196124
201412
196708
188392
137424
153968
187108
172044
209900
237392
193568
189128
173992
154132
193596
179464
225576
181976
243328
195160
144432
199428
235756
190700
167064
134956
147112
165936
150440
162848
215712
235160
122656
172736
155556
194740
146164
182828
156536
167984
222180
207920
134160
182468
146216
156156
203776
155612
181668
113140
185512
129752
204444
200584
133980
149384
125584
169096
195848
196808
172624
114352
189532
187140
208668
94372
199388
201356
137852
164848
170192
169736
166468
166036
160156
137860
193660
148228
229412
154568
194784
233520
188524
203156
211360
151532
171436
149776
164836
190908
181356
191328
194572
239952
110484
193592
181272
160260
211900
170708
171884
176988
150680
142412
152484
197456
204992
135660
140776
144004
185124
199040
157812
189860
176720
156548
203996
163968
168840
158380
160852
194040
156892
204976
150448
156640
171772
240880
130324
273396
231520
166948
205388
151956
153468
164792
190652
105260
87556
105968
162392
182752
171296
120992
163648
239880
186528
115364
142968
181728
143216
201424
204368
183676
150008
217388
132448
187936
209268
175188
155192
282620
297008
300308
224144
295960
292276
324460
233196
239980
208980
204880
243808
151756
162916
113532
299812
222436
188068
141444
214276
204872
192604
207004
116304
209140
203872
157120
206300
275684
220284
218060
121148
181428
172896
80092
202588
232264
128584
337124
196672
159588
92876
221744
78036
164388
167144
137688
232136
123804
98384
119340
203328
174764
148648
201344
170932
128972
144328
170756
362504
146140
289660
242908
168556
262072
255500
243076
257100
254972
192864
178088
216248
211708
238856
238492
203196
257544
236164
104436
192068
219284
216920
122964
163692
233388
178508
210552
203672
206172
192664
157428
159664
302032
225988
217184
202940
209704
262172
213768
208392
186488
251532
231120
158140
205384
154032
98432
134444
99300
183848
152188
176852
212392
333936
198360
218244
234484
183692
217368
224360
217444
217072
166928
226592
213568
220640
162264
191004
235780
202536
213852
174080
239028
153352
173416
169048
180220
167372
209936
187528
185100
184992
201536
176104
179508
176592
168756
176592
182532
178780
182300
177764
167708
182732
159648
140300
184272
193532
193076
178472
177196
193148
189332
186120
198868
189980
171240
168448
168756
184444
180572
176780
163924
179472
176312
173104
192132
181952
179304
195424
184952
179472
176656
200508
196736
167968
180072
194312
173324
220380
208952
262096
192440
179892
180704
183884
222816
216652
211540
168760
163788
327540
240568
227772
193436
179728
233020
185912
148048
144116
172344
168032
177820
178100
253336
104624
185648
195196
202440
259800
189180
98808
167024
244116
247836
243432
262140
137948
251360
208496
251348
206512
223396
228488
232252
172536
142600
240660
240076
167292
239704
139552
279576
293668
113816
161764
188620
262640
196412
205452
222584
238576
177316
230252
200384
220108
264484
183432
235812
143560
185032
194928
198176
174532
210224
173784
229680
147440
201004
198828
191508
179392
209680
256892
177080
215264
220864
242816
252692
159724
213276
111012
203944
122304
191896
233132
192284
248848
175640
202844
197844
273600
243200
124452
299688
168376
162944
237736
144932
184212
206120
244752
172132
195360
157904
191540
177140
205916
178100
186360
213884
194160
179872
196168
288540
157876
184796
196228
180324
188140
183460
173952
265112
168532
201488
148956
142276
176996
195956
204252
173864
170020
178000
170216
175672
170284
143508
222904
195644
194216
222048
182708
177096
230380
233564
161444
222796
257684
148424
216848
184936
176704
173996
210204
228672
152160
272968
192100
202508
145528
224316
194364
175096
207812
190100
195492
163468
191312
195528
199932
150112
174404
182828
211844
175476
192420
225124
223084
172844
206960
207936
183032
208236
195824
189284
209104
183704
190320
196660
168168
169392
187388
191784
219408
163556
201984
184128
182440
196044
206120
171868
179288
203704
219812
258524
184552
198712
165480
209504
157916
187056
189688
212404
169708
175052
103176
217928
210320
188424
209348
167776
229368
183124
184324
188484
228588
162200
181836
174468
169828
194800
192192
184772
174248
225512
263576
174804
194868
188896
156828
187820
152608
198852
167092
175132
157764
140732
175788
168168
263976
213264
216432
198436
104424
175356
187036
165500
155908
148436
203712
221416
185748
149592
157736
186932
154088
249664
147324
206904
175992
162348
223196
203612
212140
169324
194996
182696
262512
203020
158944
180668
170956
191920
169624
160792
150820
198124
175752
175452
226204
174600
228972
148216
163388
202516
171808
197276
186996
225848
188976
187672
176976
172724
201960
194056
213224
180536
197724
202012
201556
179216
177896
175268
199484
136536
159104