0.629
0.0
0.001
0.032
0.001
1.035
0.001
0.045
0.001
0.162
0.482
0.001
0.627
0.0
0.504
0.0
0.216
0.0
0.04
0.0
1.859
0.0
0.0
0.59
0.453
0.0
0.001
1.059
0.01
0.001
0.0
0.675
0.131
0.0
0.001
0.071
1.153
0.0
0.001
0.665
0.878
0.001
0.001
0.55
1.1
0.0
0.514
0.001
0.001
1.857
0.476
0.0
0.586
0.0
0.001
0.444
1.034
0.0
0.001
0.438
0.959
0.0
0.022
0.0
0.61
0.0
0.0
0.052
0.0
1.051
0.185
0.102
0.0
0.0
0.0
0.1
0.001
0.747
0.0
0.096
0.0
0.305
0.001
0.153
0.666
0.0
0.5
0.0
1.069
0.001
0.523
0.0
0.601
0.0
0.259
0.0
1.039
0.0
0.0
0.563
0.142
0.001
0.0
0.812
0.208
0.0
0.558
0.001
0.6
0.0
0.637
0.0
0.939
0.0
0.949
0.257
0.0
0.0
0.0
0.563
1.028
0.0
0.0
0.58
0.502
0.0
0.0
1.911
0.602
0.0
0.0
0.073
1.049
0.0
0.0
0.467
0.967
0.0
0.0
0.285
0.827
0.0
0.091
0.0
0.076
0.829
0.0
0.0
0.773
0.0
0.049
0.0
0.891
0.0
0.445
0.0
0.568
0.0
0.09
0.0
0.558
0.0
0.0
0.198
0.509
0.0
0.0
0.129
1.009
0.001
0.0
1.328
0.968
0.0
0.0
0.179
1.064
0.001
0.0
1.077
1.328
0.001
0.0
1.415
1.041
0.0
0.0
0.619
0.991
0.001
0.0
1.023
0.546
0.0
0.512
0.0
0.603
0.001
0.0
0.515
1.393
0.0
0.521
0.0
0.939
0.0
0.001
0.239
0.995
0.0
0.482
0.0
1.03
0.0
0.207
0.0
0.783
0.001
0.0
0.369
1.415
0.001
0.568
0.0
0.0
0.9
0.001
0.607
0.0
1.038
1.048
0.0
0.0
0.649
0.0
1.138
0.605
0.001
0.0
1.049
0.83
0.0
1.111
0.592
0.0
0.0
1.398
0.0
0.816
0.0
0.001
0.0
0.786
0.974
0.0
0.044
0.0
0.351
0.0
0.006
0.0
0.01
0.047
0.001
0.003
0.0
0.126
0.009
0.022
0.001
0.059
0.001
0.0
0.003
0.041
0.003
0.0
0.003
0.039
0.038
0.003
0.002
0.0
0.006
0.003
0.0
0.441
0.003
0.0
0.006
0.005
0.068
0.0
0.003
0.007
0.061
0.018
0.061
0.001
0.007
0.0
0.004
0.003
0.064
0.005
0.014
0.086
0.0
0.0
0.003
0.003
0.061
0.004
0.124
0.0
0.002
0.05
0.0
0.007
0.003
0.003
0.0
0.029
0.001
0.005
0.0
0.037
0.009
0.002
0.001
0.032
0.002
0.009
0.0
0.029
0.002
0.004
0.0
0.034
0.002
0.003
0.004
0.0
0.026
0.011
0.0
0.037
0.001
0.005
0.0
0.032
0.442
0.003
0.002
0.016
0.004
0.001
0.365
0.009
0.006
0.001
0.0
0.058
0.061
0.002
0.003
0.003
0.0
0.077
0.008
0.0
0.0
0.008
0.006
0.444
0.009
0.005
0.004
0.001
0.08
0.064
0.0
0.0
0.007
0.05
0.004
0.0
0.0
0.019
0.005
0.002
0.003
0.411
0.084
0.0
0.001
0.003
0.004
0.002
0.001
0.062
0.069
0.0
0.003
0.005
0.002
0.079
0.066
0.001
0.0
0.003
0.003
0.002
0.0
0.001
0.059
0.043
0.0
0.003
0.006
0.052
0.431
0.0
0.0
0.0
0.003
0.011
0.002
0.002
0.002
0.0
0.04
0.023
0.0
0.0
0.0
0.371
0.004
0.369
0.0
0.0
0.0
0.026
0.018
0.032
0.0
0.0
0.0
0.017
0.004
0.01
0.001
0.001
0.025
0.034
0.417
0.0
0.0
0.01
0.005
0.002
0.005
0.039
0.0
0.005
0.003
0.073
0.079
0.0
0.0
0.003
0.003
0.004
0.049
0.0
0.003
0.006
0.006
0.074
0.064
0.0
0.004
0.002
0.004
0.017
0.054
0.0
0.0
0.012
0.044
0.0
0.004
0.002
0.001
0.005
0.075
0.006
0.0
0.066
0.005
0.004
0.0
0.002
0.0
0.004
0.055
0.003
0.069
0.003
0.001
0.006
0.075
0.005
0.0
0.063
0.007
0.002
0.0
0.0
0.003
0.004
0.042
0.007
0.0
0.003
0.051
0.001
0.0
0.004
0.044
0.43
0.001
0.0
0.003
0.044
0.002
0.0
0.005
0.038
0.002
0.006
0.0
0.002
0.006
0.045
0.002
0.0
0.0
0.009
0.024
0.03
0.001
0.0
0.032
0.003
0.001
0.0
0.0
0.028
0.004
0.003
0.001
0.001
0.0
0.024
0.01
0.022
0.01
0.432
0.001
0.001
0.0
0.001
0.031
0.003
0.002
0.0
0.021
0.006
0.002
0.0
0.003
0.03
0.001
0.0
0.004
0.076
0.002
0.0
0.004
0.002
0.023
0.002
0.0
0.024
0.0
0.003
0.0
0.007
0.001
0.001
0.037
0.066
0.0
0.001
0.003
0.038
0.0
0.003
0.005
0.045
0.0
0.003
0.052
0.002
0.0
0.003
0.033
0.012
0.004
0.0
0.0
0.0
0.037
0.043
0.004
0.0
0.002
0.371
0.078
0.0
0.005
0.006
0.004
0.442
0.005
0.003
0.0
0.0
0.07
0.004
0.001
0.045
0.008
0.0
0.002
0.001
0.004
0.04
0.04
0.002
0.0
0.003
0.406
0.001
0.001
0.0
0.004
0.031
0.001
0.0
0.004
0.026
0.001
0.0
0.0
0.004
0.005
0.035
0.001
0.0
0.002
0.022
0.067
0.001
0.001
0.008
0.024
0.0
0.0
0.007
0.032
0.005
0.0
0.003
0.034
0.006
0.002
0.003
0.0
0.0
0.002
0.041
0.002
0.0
0.005
0.068
0.057
0.002
0.0
0.003
0.064
0.004
0.001
0.066
0.008
0.008
0.0
0.005
0.052
0.005
0.0
0.005
0.053
0.003
0.003
0.003
0.069
0.0
0.006
0.052
0.003
0.0
0.003
0.005
0.052
0.0
0.041
0.004
0.007
0.0
0.0
0.001
0.036
0.009
0.004
0.0
0.002
0.032
0.005
0.0
0.001
0.007
0.018
0.04
0.0
0.001
0.001
0.021
0.0
0.0
0.004
0.004
0.001
0.0
0.021
0.002
0.001
0.004
0.043
0.063
0.0
0.001
0.001
0.0
0.0
0.004
0.036
0.009
0.0
0.0
0.024
0.04
0.003
0.001
0.0
0.013
0.035
0.002
0.002
0.0
0.034
0.003
0.003
0.001
0.0
0.0
0.004
0.04
0.002
0.048
0.001
0.003
0.056
0.003
0.0
0.005
0.056
0.002
0.001
0.003
0.003
0.0
0.005
0.062
0.003
0.006
0.055
0.002
0.0
0.0
0.005
0.043
0.045
0.001
0.0
0.008
0.032
0.001
0.0
0.004
0.003
0.001
0.037
0.0
0.004
0.033
0.002
0.0
0.002
0.031
0.0
0.002
0.002
0.034
0.0
0.009
0.002
0.002
0.409
0.044
0.0
0.005
0.002
0.032
0.0
0.002
0.005
0.069
0.001
0.008
0.004
0.0
0.003
0.004
0.048
0.065
0.001
0.002
0.004
0.043
0.0
0.002
0.002
0.004
0.0
0.049
0.004
0.0
0.054
0.002
0.005
0.0
0.045
0.002
0.001
0.05
0.003
0.003
0.0
0.004
0.057
0.003
0.001
0.004
0.002
0.0
0.05
0.007
0.004
0.425
0.0
0.005
0.065
0.004
0.0
0.009
0.066
0.007
0.001
0.058
0.005
0.005
0.004
0.0
0.01
0.049
0.002
0.0
