325380 0.22
476 0.284
4500 0.274
196 0.204
42420 0.209
221944 0.244
42960 0.236
6384 0.245
192 0.228
177888 0.19
196 0.31
17500 0.275
3688 0.201
322008 0.274
150840 0.233
12028 0.269
192 0.358
171168 0.259
149268 0.387
196 0.194
8768 0.281
244120 0.356
192 0.249
11304 0.359
334736 0.177
171288 0.278
302760 0.279
196 0.266
8532 0.214
206528 0.342
158080 0.303
196 0.384
9324 0.263
196456 0.303
229316 0.269
9572 0.209
196 0.287
215156 0.24
261736 0.351
196 0.305
8864 0.353
151564 0.299
165348 0.332
10800 0.284
192 0.505
185592 0.322
196 0.345
6564 0.263
149992 0.296
247900 0.32
9320 0.45
196 0.272
216724 0.223
236788 0.193
140468 0.305
8592 0.299
126100 0.286
196 0.252
3992 0.271
58892 0.281
196 0.253
222924 0.241
179312 0.306
68180 0.292
4384 0.272
196 0.205
202232 0.299
55996 0.299
4436 0.246
192 0.304
110896 0.392
4912 0.205
196 0.21
195728 0.396
256972 0.315
58168 0.317
5664 0.273
192 0.163
57320 0.217
4300 0.212
192 0.233
192476 0.252
74096 0.269
5348 0.15
192 0.387
181124 0.299
4796 0.282
196 0.341
84108 0.684
185612 0.684
4368 0.301
196 0.285
227936 0.276
110296 0.248
5008 0.299
221924 0.279
196 0.397
62388 0.324
196 0.314
153012 0.385
9132 0.351
163828 0.397
5624 0.404
257224 0.374
38496 0.37
196 0.23
9588 0.308
107400 0.333
192 0.446
212964 0.352
48632 0.239
5344 0.245
192 0.288
219580 0.239
196 0.434
97264 0.323
8312 0.501
193500 0.305
7084 0.28
200 0.239
103656 0.311
207840 0.311
93644 0.311
196 0.376
7336 0.336
202892 0.265
6800 0.203
74696 0.291
192 0.334
8148 0.363
205868 0.472
200 0.295
235528 0.404
122480 0.27
192 0.367
214836 0.314
8568 0.312
9056 0.319
357184 0.25
212516 0.222
192 0.334
6920 0.367
77592 0.278
196 0.417
206588 0.243
300712 0.328
5568 0.334
196 0.325
227172 0.434
241944 0.379
196 0.25
6760 0.422
206124 0.401
71200 0.344
5432 0.24
192672 0.294
154336 0.358
6104 0.241
192 0.23
259136 0.307
102336 0.267
6452 0.12
196 0.238
242844 0.208
5912 0.205
196 0.428
75420 0.279
180180 0.402
4224 0.365
58168 0.325
196 0.346
179968 0.31
5356 0.33
82064 0.306
196 0.476
264968 0.277
6136 0.328
260440 0.421
196 0.287
77592 0.408
6032 0.461
196 0.305
69756 0.412
205608 0.374
108724 0.311
266640 0.269
196 0.3
6540 0.294
89304 0.346
9660 0.324
196 0.314
190256 0.336
7460 0.224
227636 0.29
114516 0.24
192 0.238
218176 0.208
9684 0.27
192 0.295
198756 0.23
9852 0.222
192 0.302
144640 0.341
232532 0.359
42968 0.319
200 0.272
5220 0.324
234248 0.443
191988 0.308
224868 0.308
8956 0.282
200 0.217
196 0.336
7272 0.257
134192 0.349
195640 0.321
7600 0.253
94244 0.338
192 0.364
214104 0.432
7140 0.429
222156 0.365
86408 0.368
196 0.393
77592 0.312
200 0.261
7204 0.294
192572 0.312
101612 0.433
196 0.314
5124 0.317
171512 0.433
94244 0.204
196 0.221
4876 0.352
205504 0.18
2700 0.283
183248 0.265
8216 0.277
192 0.217
4116 0.245
29084 0.253
192 0.208
194992 0.228
2976 0.249
8216 0.228
200 0.334
212984 0.202
203288 0.329
4184 0.201
70352 0.329
196 0.301
215920 0.306
4120 0.275
32832 0.299
196 0.272
5828 0.278
98588 0.245
196 0.323
200632 0.249
122612 0.281
5632 0.217
196 0.411
277516 0.281
122480 0.532
9048 0.278
196 0.267
192064 0.444
160260 0.317
192 0.234
6892 0.415
196788 0.273
102208 0.289
8284 0.235
196 0.232
216888 0.248
286960 0.28
192 0.316
11804 0.216
178820 0.316
196 0.379
7680 0.24
290108 0.287
117412 0.263
200 0.279
13280 0.371
184876 0.355
259160 0.339
13876 0.381
200 0.386
144200 0.347
259184 0.321
75552 0.358
200 0.287
9844 0.375
234720 0.384
10188 0.367
288064 0.345
85556 0.286
196 0.297
53832 0.238
8104 0.229
196 0.3
245952 0.217
60216 0.176
196 0.293
7364 0.252
282504 0.191
50936 0.232
7400 0.252
196 0.27
275960 0.232
269308 0.379
45012 0.453
7296 0.266
192 0.312
32112 0.3
6264 0.331
192 0.318
234560 0.261
196 0.333
4668 0.319
292860 0.305
30532 0.329
71932 0.295
200 0.312
8712 0.272
219640 0.351
51528 0.35
192 0.274
6724 0.3
254868 0.385
54556 0.379
192 0.292
9228 0.321
264196 0.325
192 0.269
10628 0.306
86280 0.33
280716 0.351
107408 0.326
196 0.315
206016 0.36
12304 0.344
9948 0.31
66732 0.286
196 0.31
260512 0.312
11836 0.296
119716 0.32
276996 0.283
200 0.404
125376 0.392
13140 0.325
194492 0.347
196 0.415
196 0.351
67588 0.344
9508 0.447
201736 0.294
172436 0.337
7980 0.345
222956 0.307
196 0.342
49488 0.214
196 0.335
6768 0.303
208216 0.214
37048 0.195
6256 0.392
192 0.308
195472 0.292
6248 0.308
62520 0.244
192 0.306
168232 0.287
6028 0.289
200 0.339
153264 0.202
69036 0.261
209364 0.349
7172 0.306
192 0.22
211256 0.372
196 0.258
9120 0.31
109584 0.296
182820 0.347
245128 0.26
196 0.29
7660 0.248
155196 0.262
192 0.364
10216 0.33
148544 0.223
213112 0.196
96552 0.205
196 0.392
4664 0.337
190932 0.203
91348 0.157
5836 0.365
192 0.314
226028 0.212
131304 0.345
6120 0.393
192 0.316
151052 0.256
81212 0.209
4036 0.314
196 0.418
202676 0.186
3576 0.299
192 0.352
218692 0.221
29940 0.254
57320 0.302
4260 0.401
192 0.272
230424 0.284
66144 0.212
4792 0.335
220824 0.189
